set_number,set_description,not_used,doors,set_pages,set_confidence,qty,unit,description,catalog_number,mfr,finish,notes,mfr_name,finish_name,electrified,component_page,component_bbox,low_confidence_fields
103,,False,,25,0.84,8,EA,Heavy Duty Hinges,5BB1HW 4.4” x 4.5” in 622 flat black finish – verify all rated doors will have steel-based hinges under the 622 finishes,,,,,,,25,"[77.4, 89.0, 523.6, 110.5]",
103,,False,,25,0.84,1,EA,Fire Rated Integrated-Type Exit/Panic Device,"XT-L with #01 exit only, no trim x white finishes (bar and MEC, matching end caps white) x Syntegra manufacturing – top latch only",SY,WHITE,,,White,,25,"[77.4, 385.5, 527.1, 453.1]",mfr
103,,False,,25,0.84,2,EA,Pocket Closer,TS93 series as required per door size and swing (90-degree pocket closer where doors swing 90 and 180 pocket closer where doors swing 180),DO,693,,,Black painted,,25,"[77.4, 471.6, 528.8, 516.1]",mfr
103,,False,,25,0.84,2,EA,Mag Holder Device,2400L series x armature extension,AB,693,,,Black painted,,25,"[77.4, 520.0, 527.1, 530.0]",
103,,False,,25,0.84,2,EA,Wall Mag Armature Extension,S20020 (or length as required for 90 degree parallel to wall),AB,693,,,Black painted,,25,"[77.4, 534.0, 527.1, 555.5]",mfr
103,,False,,25,0.84,2,EA,UL Listed Seal (for rated door condition),By Syntegra manufacturing,,,,,,,25,"[77.4, 559.5, 383.5, 581.0]",
104,,False,,26,0.84,8,EA,Heavy Duty Hinges,5BB1HW 4.4” x 4.5” in 622 flat black finish – verify all rated doors will have steel-based hinges under the 622 finishes,,,,,,,26,"[77.4, 89.0, 523.6, 110.5]",
104,,False,,26,0.84,1,EA,Active Leaf: Fire Rated Integrated-Type Exit/Panic Devices,"XT-L with #14 passage function and project matching lever (match Schlage Longitude Lever) x white finishes (MEC, matching end caps) x Syntegra manufacturing – top latch",SY,WHITE,,,White,,26,"[77.4, 351.3, 527.1, 395.8]",mfr
104,,False,,26,0.84,1,EA,Inactive Leaf: Fire Rated Integrated-Type Exit/Panic Device,"XT-L with #01 exit only, no trim x white finishes (MEC, matching end caps) x Syntegra manufacturing – top latch only",SY,WHITE,,,White,,26,"[77.4, 413.4, 527.1, 446.3]",mfr
104,,False,,26,0.84,2,EA,Pocket Closer,TS93 series as required per door size and swing (90-degree pocket closer),DO,693,,,Black painted,,26,"[77.4, 450.3, 528.8, 471.8]",mfr
104,,False,,26,0.84,2,EA,Mag Holder Device,2400L series x armature extension,AB,693,,,Black painted,,26,"[77.4, 475.8, 527.1, 485.7]",
104,,False,,26,0.84,2,EA,Wall Mag Armature Extension,S20020 (or length as required for 90 degree parallel to wall),AB,693,,,Black painted,,26,"[77.4, 489.8, 527.1, 511.3]",mfr
104,,False,,26,0.84,2,EA,UL Listed Seal (for rated door condition),By Syntegra manufacturing,,,,,,,26,"[77.4, 515.2, 383.5, 536.8]",
A1,Entry Unit Doors,False,,53,0.87,4,EA,Hanging and Closing Devices (devices include UL listed spring closing devices,K51M-450-B4 x Stops (size & quantity per 08 71 00) x Bright Chrome Finish (call Waterson for custom order),WA,625,,,Bright chrome,,53,"[77.0, 172.8, 528.0, 217.3]",
A1,Entry Unit Doors,False,,53,0.87,1,EA,Wireless Lockset x Deadbolt / Thumbturn,Latch M2 ADA offset pinned deadbolt x Return to Door Lever x Split Finish (Matte Black Finish Corridor Side x Bright Chrome Finish interior side),LA,,,,,,53,"[77.0, 221.0, 524.2, 288.5]",
A1,Entry Unit Doors,False,,53,0.87,1,EA,I/C Cylinders (Rim or Mortise),20-057 or 20-061 (Rim or Mortise type & quantity as required by locking device x appropriate cam x blocking rings) as required in order to have cylinders FLUSH with face of Latch M2 escutcheon – verify before submittals,SC,622,,Schlage,Flat black,,53,"[77.0, 329.2, 525.8, 385.3]",
A1,Entry Unit Doors,False,,53,0.87,1,EA,Permanent Core,20-030 as required in order to have cylinders FLUSH with face of Latch M2 escutcheon – verify before submittals,SC,622,,Schlage,Flat black,,53,"[77.0, 389.0, 525.8, 422.0]",
A1,Entry Unit Doors,False,,53,0.87,1,EA,Wall Door Bumper Stop,4050.260 (3.75”) x Polished Chrome,BA,260,,,,,53,"[77.0, 425.7, 525.3, 435.7]",
A1,Entry Unit Doors,False,,53,0.87,2,EA,Door Viewers,Trimco #975U,TR,625,,,Bright chrome,,53,"[77.0, 439.5, 525.3, 449.5]",
A1,Entry Unit Doors,False,,53,0.87,1,EA,Seal,"TPE Triple Fin seals Seal 5075B (head & jambs) by NGP or equal, final finish to be selected",,,,,,,53,"[77.0, 453.2, 521.7, 474.8]",
A1,Entry Unit Doors,False,,53,0.87,1,EA,Door Bottom,209D by Pemko,,,,,,,53,"[77.0, 486.4, 328.3, 496.4]",
A1,Entry Unit Doors,False,,53,0.87,1,EA,Raised Sill Threshold,Per Interior Design Drawings - final to be selected,,,,,,,53,"[77.0, 537.7, 477.2, 547.6]",
B1,Bedroom and Bathrooms,False,,54,0.85,,EA,"Hinges (residential light duty, no ball bearings required)","#5PB1 (size & quantity per Section 08 71 00) - Provide 5PB1 for pricing, but provide alternate VE pricing for residential grade, less gauge hinge 4” x 4” x Ives or approved equal by door/frame manufacturer. - On all project hinges: Where framing/jamb trim will not allow door to open with hitting jamb, provide wide through hinge (width as required to open doors to wall stop or floor stop installation locations)",IV,625,,Ives,Bright chrome,,54,"[77.0, 89.5, 521.4, 195.5]",
B1,Bedroom and Bathrooms,False,,54,0.85,1,EA,Privacy Latch,Frascio T600 x 270 Metro x 1912Q (square rose) x PY,FR,625,,,Bright chrome,,54,"[77.0, 199.3, 525.3, 209.2]",
B1,Bedroom and Bathrooms,False,,54,0.85,1,EA,Hinge Pin Stop,Device #1512 in Polished Chrome finish by Don Jo,DO,CP,,,,,54,"[77.0, 263.0, 527.0, 272.9]",finish
B1,Bedroom and Bathrooms,False,,54,0.85,1,EA,Alternate Option: Wall Door Bumper Stop,4050.260 (3.75”) x Polished Chrome,BA,260,,,,,54,"[77.0, 276.8, 525.3, 309.8]",mfr
B2,Bedroom and Bathrooms,False,,54,0.85,,EA,"Hinges (residential light duty, no ball bearings required)","#5PB1 (size & quantity per Section 08 71 00) - Provide 5PB1 for pricing, but provide alternate VE pricing for residential grade, less gauge hinge 4” x 4” x Ives or approved equal by door/frame manufacturer. - On all project hinges: Where framing/jamb trim will not allow door to open with hitting jamb, provide wide through hinge (width as required to open doors to wall stop or floor stop installation locations)",IV,625,,Ives,Bright chrome,,54,"[77.0, 89.5, 521.4, 195.5]",
B2,Bedroom and Bathrooms,False,,54,0.85,1,EA,Privacy Latch,Frascio T600 x 270 Metro x 1912Q (square rose) x PY,FR,625,,,Bright chrome,,54,"[77.0, 199.3, 525.3, 209.2]",
B2,Bedroom and Bathrooms,False,,54,0.85,1,EA,Hinge Pin Stop,Device #1512 in Polished Chrome finish by Don Jo,DO,CP,,,,,54,"[77.0, 263.0, 527.0, 272.9]",finish
B2,Bedroom and Bathrooms,False,,54,0.85,1,EA,Alternate Option: Wall Door Bumper Stop,4050.260 (3.75”) x Polished Chrome,BA,260,,,,,54,"[77.0, 276.8, 525.3, 309.8]",mfr
C1,Closets,False,,54,0.83,,EA,"Hinges (residential light duty, no ball bearings required)","#5PB1 (size & quantity per Section 08 71 00). Provide 5PB1 for pricing, but provide alternate VE pricing for residential grade, less gauge hinge 4” x 4” x Ives or approved equal by door/frame manufacturer. On all project hinges: Where framing/jamb trim will not allow door to open with hitting jamb, provide wide through hinge (width as required to open doors to wall stop or floor stop installation locations)",IV,625,,Ives,Bright chrome,,54,"[77.0, 380.0, 521.4, 482.0]",
C1,Closets,False,,54,0.83,1,EA,Passage Latchset,Frascio T600 x 270 Metro x 1912Q (Square Rose),FR,625,,,Bright chrome,,54,"[77.0, 485.7, 525.3, 507.3]",mfr
C1,Closets,False,,54,0.83,1,EA,Hinge Pin Stop,Device #1512 in Polished Chrome finish by Don Jo,DO,CP,,,,,54,"[77.0, 516.2, 527.0, 537.8]","mfr, finish"
C1,Closets,False,,54,0.83,1,EA,Alternate Option: Wall Door Bumper Stop,4050.260 (3.75”) x Polished Chrome,BA,260,,,,,54,"[77.0, 541.5, 525.3, 563.0]",mfr
C2,,False,,55,0.84,,EA,"Hinges (residential light duty, no ball bearings required)","#5PB1 (size & quantity per Section 08 71 00) - Provide 5PB1 for pricing, but provide alternate VE pricing for residential grade, less gauge hinge 4” x 4” x Ives or approved equal by door/frame manufacturer. - On all project hinges: Where framing/jamb trim will not allow door to open with hitting jamb, provide wide through hinge (width as required to open doors to wall stop or floor stop installation locations)",IV,625,,Ives,Bright chrome,,55,"[77.0, 89.5, 521.4, 206.9]",
C2,,False,,55,0.84,2,EA,Dummy Levers,Frascio T600 x 6237 x 1912Q (Square Rose) x HL-270 Metro Lever,FR,625,,,Bright chrome,,55,"[77.0, 210.8, 525.3, 243.8]",mfr
C2,,False,,55,0.84,2,EA,Roller Latch,1559A (installed in above frame),TR,625,,,Bright chrome,,55,"[77.0, 247.5, 525.3, 257.5]",
C2,,False,,55,0.84,1,EA,Hinge Pin Stop,Device #1512 in Polished Chrome finish by Don Jo,DO,CP,,,,,55,"[77.0, 274.8, 527.0, 296.2]","mfr, finish"
C2,,False,,55,0.84,1,EA,Alternate Option: Wall Door Bumper Stop,4050.260 (3.75”) x Polished Chrome,BA,260,,,,,55,"[77.0, 300.0, 525.3, 321.5]",mfr
D1,,False,,56,0.79,1,EA,Slider Pocket Frame Complete System:,"Furnish and install complete “”: with factory complete kit, aluminum pocket frame (final trim supplied by contractor in wood framing): - See https://www.cavitysliders.com.au/Products/Cavity- Sliders/SoundStop - Door type, size and thickness per door schedule. - Provide soft open and close function. - For ADA Applications door to protrude 4” from pocket in open position. - If studs are larger than 3 5/8”, contact t Cavity factory for special pricing on wider stud sizes: Cavity Sliders USA Inc.: Laurie McCowan, V.P. Sales & Marketing; C: 310.890.6970",,,,,,,56,"[77.0, 89.5, 515.9, 270.5]",catalog_number
D1,,False,,56,0.79,1,EA,Option #1 – lockable and door can be FULLY recessed into wall pocket (Non- ADA),"CL400 Magnetic - 625 Polished Chrome - Locking function: single x keyed See…https://www.cavitysliders.com/cavilock/cl400- magnetic/ // Cavity Sliders USA Inc.: Laurie McCowan, V.P. Sales & Marketing; C: 310.890.6970",,,,,,,56,"[77.0, 272.2, 511.0, 351.2]",catalog_number
D1,,False,,56,0.79,2,EA,Price option #2 also: 8” Flush Pulls yet doors will not go fully in pocket with locking device (Non-ADA),1110-8 in concealed fasteners in 622 finish by Trimco manufacturing,,,,,,,56,"[77.0, 358.2, 493.8, 402.7]",catalog_number
D1,,False,,56,0.79,1,EA,Price option #2 also: Concealed Edge Pull,1063 in 625 finish by Trimco manufacturing,,,,,,,56,"[77.0, 412.4, 448.2, 434.0]",catalog_number
D1,,False,,56,0.79,1,EA,Price option #2 also: Sliding Door Privacy Function Thumbturn,Accurate Manufacturing #2001ADAP-5 exterior side emergency override x special 2- 1/2” Backset x 7200ADA interior ADA thumbturn x less pulls (coordinate pulls by others) in 625 polished chrome finish,,,,,,,56,"[77.0, 464.8, 509.9, 520.7]",catalog_number
D1,,False,,56,0.79,1,EA,Cylinder,Schlage C keyway 20-____ series per specifications (rim or mortise type & quantity as required by locking device) in 625 polished chrome finish,,,,,,,56,"[77.0, 524.5, 526.6, 557.6]",catalog_number
E1,,False,,"56, 57",0.3,,,,,,,,,,,,,
01,,False,,57,0.85,1,EA,OFFSET Hung In-Floor Closer Device,"FHC F900 OFFSET series single acting non-hold open (door to open smoothly past 90-degress to meet code - with no backcheck until after 90- degrees): - Provide complete package to meet warranty for door size, weight and adjustment per specifications. System includes, but is not limited to cement case, floor closer and installation tools per specifications. - Structural Side Intermediate Pivots required per next line below. - Contact Frameless Hardware Company (FHC): Patrick Comerford CSI CDT CCPR, Architectural / Pre-Bid Services; Cell #805-402- 2167. - No Dorma or Rixson floor closer allowed. - Provide closer cover #F900CP per snippet below.",FH C,622,,,Flat black,,57,"[77.0, 113.0, 525.3, 340.0]","catalog_number, mfr"
01,,False,,57,0.85,3,EA,Structural Side Intermediate Pivots,"Rixson manufacturing #ML19, Intermediate, Heavy Weight/High Traffic Pivot (used as structural side pivots in order to NOT have a top pivot)",,622,,,Flat black,,57,"[77.0, 468.2, 501.6, 512.7]",
01,,False,,57,0.85,2,EA,Back-to-Back Pulls,AP423-__-60” x 622 finish x #E- MOUNT.,TR,622,,,Flat black,,57,"[77.0, 516.4, 525.3, 537.9]",mfr
01,,False,,57,0.85,1,EA,Floor Stop,7281,TR,622,,,Flat black,,57,"[77.0, 569.2, 525.3, 579.2]",
01,,False,,57,0.85,1,EA,"Bottom of doors to be greater than 10” Clear, Unobstructed and Smooth Surface","Per above specifications and by gate manufacturer (push- side, ground smooth, primed, and painted to match gate).",,,,,,,57,"[77.0, 582.9, 513.3, 627.4]",
01,,False,,57,0.85,1,EA,Painted Full Height Astragal,Per above specifications and by gate manufacturer and per specifications (utilized as a positive stop – when gate closes against the astragals the opening cannot swing back in toward the egress side),,,,,,,57,"[77.0, 631.2, 522.5, 675.7]",
01.1,,False,,"58, 59",0.9,1,EA,Hydraulic Closers / Hinges Sets,Locinox manufacturing #Tiger 180 Hydraulic Closers / Hinges Set: 180° hydraulic gate closer and hinge for gates up to 165 lbs. x Black Finish.,LO,,,Locinox,,,58,"[77.0, 89.5, 525.3, 122.5]",
01.1,,False,,"58, 59",0.9,1,EA,Electric Strike,9600 HES LBSM,HE,622,,HES,Flat black,,58,"[77.0, 194.7, 525.9, 204.7]",
01.1,,False,,"58, 59",0.9,1,EA,Exterior Rim Exit/Panic Device x Key Override,Von Duprin manufacturing # OUT 55 x 996NL in dark bronze finish,VO,643e,,Von Duprin,Aged bronze,,58,"[77.0, 208.5, 526.4, 230.0]",
01.1,,False,,"58, 59",0.9,1,EA,"Strikes and Weldable Boxes (template as required by all furnished hardware, see Section 08 71 00, Part 1 for templating requirements and full specs which call for fully welded, no seams, ground smooth, prime and finishes per architectural drawings and welding/paint specifications)","Furnish and install: #1) Welded, templated areas for devices (requires 1-3/4” thick gate stile and/or boxes as required where device is installed (templates to have custom welded areas preferred yet contact technicians at www.keedex.com for alternate weldable boxes if necessary - means and methods no-designer, show detailed templating in submittals and shop drawings). #2) Provide welded areas and brackets as required for condition for either special strike #1609 or combo devices #050996 strike bracket with 299F (means and methods no- designer, show detailed templating in submittals and shop drawings).",,,,,,,58,"[77.0, 233.7, 417.7, 477.8]",
01.1,,False,,"58, 59",0.9,1,EA,I/C Cylinders (Rim or Mortise),20-057 or 20-061 (Rim or Mortise type & quantity as required by locking device x appropriate cam x blocking rings) as required per specifications,SC,622,,Schlage,Flat black,,58,"[77.0, 499.2, 525.8, 532.1]",
01.1,,False,,"58, 59",0.9,1,EA,Permanent Core,23-030,SC,622,,Schlage,Flat black,,58,"[77.0, 535.9, 525.8, 545.8]",
01.1,,False,,"58, 59",0.9,1,EA,Stop,"7281 (installed per 08 71 00.Part 3), verify undercut before ordering",TR,622,,,Flat black,,58,"[77.0, 549.7, 525.3, 571.1]",
01.1,,False,,"58, 59",0.9,1,EA,Bottom Rail (kickplate),"Gates to have greater than 10” clear, unobstructed and smooth surface per above specifications and by gate manufacturer (push-side, ground smooth, primed and painted to match gate).",,,,,,,58,"[77.0, 574.9, 527.2, 619.4]",
01.1,,False,,"58, 59",0.9,1,EA,Painted Full Height Astragal,Per above specifications and by gate manufacturer and per specifications (utilized as a positive stop – when gate closes against the astragals the opening cannot swing back in toward the egress side),,,,,,,58,"[77.0, 623.1, 531.2, 667.6]",
01.1,,False,,"58, 59",0.9,1,EA,Surface Door Position Switch (also known as Alarm Contacts),"#7766 single pole, double throw x by Schlage manufacturing (coordinate with Divisions 25-28 and applicable drawings)",,,,,,,58,"[77.0, 671.5, 392.0, 704.5]",
01.1,,False,,"58, 59",0.9,1,EA,Coordination task for security and/or electrical design and additional non- Division 08 Section scope (including but not limited to wire / connectivity from ground through framing to electrified hardware,"By security or electrical as required per Contract Documents: The electrified hardware specified above can be utilized for #1) non-card reader, remote access control applications (unlocked / locked remotely for open during business hours / locked after-hours) and #2) local card readers at openings as directed by architectural drawings, security or electrical. Coordinate with security or electrical Divisions 25-28 and applicable drawings as hardware does not include card reader locations.",,,,,,,59,"[77.0, 90.8, 527.1, 192.8]",
02,,False,,"60, 61",0.87,1,EA,Center Hung In-Floor Closer Device,"FHC F900 series single acting non-hold open center hung (door to open smoothly past 90-degress to meet code - with no backcheck until after 90- degrees): - Provide complete package to meet warranty for door size, weight and adjustment per specifications. System includes, but is not limited to cement case, floor closer, top pivot set, and installation tools per specifications. - Contact Frameless Hardware Company (FHC): Patrick Comerford CSI CDT CCPR, Architectural / Pre-Bid Services; Cell #805-402-2167. - No Dorma or Rixson floor closers allowed. - Provide closer cover #F900CP per snippet below",FH C,622,,,Flat black,,60,"[75.6, 89.5, 525.3, 257.0]","catalog_number, mfr"
02,,False,,"60, 61",0.87,1,EA,Top Pivot Set,Dorma or equal top pivot #HD8062,DO,622,,,Flat black,,60,"[75.6, 384.7, 527.0, 394.6]",
02,,False,,"60, 61",0.87,1,EA,"L-Shaped, Top Latching Panic Device",Basis of design: FHC HP100 “D” Shape Panic Exit Handle x F Style (Exterior Full Height Keyed Pull),FH,622,,,Flat black,,60,"[75.6, 398.5, 525.3, 419.9]",
02,,False,,"60, 61",0.87,1,EA,Electrified Strike,FHC HPE1,FH,622,,,Flat black,,60,"[75.6, 423.7, 525.3, 433.6]",
02,,False,,"60, 61",0.87,1,EA,Cylinders (Rim or Mortise),20-057 or 20-061 x appropriate cam x blocking rings as required (rim or mortise type and quantity as required by locking device),SC,622,,Schlage,Flat black,,60,"[75.6, 437.5, 525.8, 470.5]",
02,,False,,"60, 61",0.87,1,EA,Permanent Core,20-030,SC,622,,Schlage,Flat black,,60,"[75.6, 474.2, 525.8, 484.1]",
02,,False,,"60, 61",0.87,1,EA,Stop,7281 (installed per 08 71 00.Part 3),TR,622,,,Flat black,,60,"[75.6, 487.9, 525.3, 497.8]",
02,,False,,"60, 61",0.87,1,EA,Raised Sill Threshold,Per Interior Design Drawings - final to be selected,,,,,,,60,"[75.6, 501.7, 466.6, 511.6]",
02,,False,,"60, 61",0.87,1,EA,REX,Bosch Security manufacturing detector #DS160i series (or equal) x Black or by Security,,,,,,,60,"[75.6, 558.9, 459.4, 580.4]",
02,,False,,"60, 61",0.87,1,EA,Power Supply,"Furnish and install #1) single gang power drop located above or near door (not in corridor or public view, but above celling line where possible); #2) provide power supply #PS902 by Schlage; #3) run conduit from hinge through frame and complete wiring as required to meet manufacturer warranties",,,,,,,60,"[75.6, 584.1, 528.3, 640.1]",
02,,False,,"60, 61",0.87,1,EA,Door Position Switches,#679-05-HM by Schlage (coordinate with security or electrical Divisions 26 and 28 and applicable Drawings),,,,,,,60,"[75.6, 643.9, 518.8, 665.5]",
02,,False,,"60, 61",0.87,1,EA,Coordination task for security and/or electrical design and additional non-Division 08 Section scope (including but not limited to wire / connectivity from ground or ceiling through frame to electrified hardware),"By security or electrical as required per Contract Documents: - The electrified hardware specified above can be utilized for #1) non-card reader, remote access control applications (unlocked / locked remotely for open during business hours / locked after-hours) and #2) local card readers at openings as directed by architectural drawings, security or electrical. - Coordinate with security or electrical Divisions 26 and 28 and applicable Drawings as hardware does not include card reader locations. Power supply for project 24VDC locks and electric strikes by Security",,,,,,,61,"[75.6, 78.0, 530.9, 209.0]",
02.1,,False,,62,0.85,1,EA,Center Hung In-Floor Closer Device,"FHC F900 series single acting non-hold open center hung (door to open smoothly past 90-degress to meet code - with no backcheck until after 90- degrees): - Provide complete package to meet warranty for door size, weight and adjustment per specifications. System includes, but is not limited to cement case, floor closer, top pivot set, and installation tools per specifications. - Contact Frameless Hardware Company (FHC): Patrick Comerford CSI CDT CCPR, Architectural / Pre-Bid Services; Cell #805-402-2167. - No Dorma or Rixson floor closers allowed.",FH C,622,,,Flat black,,62,"[75.6, 89.5, 525.3, 243.4]","catalog_number, mfr"
02.1,,False,,62,0.85,1,EA,Top Pivot Set,Dorma or equal top pivot #HD8062,DO,622,,,Flat black,,62,"[75.6, 341.7, 527.0, 351.7]",
02.1,,False,,62,0.85,1,EA,"L-Shaped, Top Latching Panic Device LESS OUTSIDE PULL",Basis of design: FHC HP100Z x LESS OUTSIDE PULL,FH,622,,,Flat black,,62,"[75.6, 355.5, 525.3, 388.5]",mfr
02.1,,False,,62,0.85,1,EA,Strike,FHC HP1,FH,622,,,Flat black,,62,"[75.6, 392.2, 525.3, 402.2]",
02.1,,False,,62,0.85,1,EA,Stop,7281 (installed per 08 71 00.Part 3),TR,622,,,Flat black,,62,"[75.6, 405.9, 525.3, 415.9]",
02.1,,False,,62,0.85,1,EA,Center Hung Pivot Floor Closer Bronze Threshold,"NGP manufacturing #4x428BR-DKB (dark oxidized oil rubbed #722 finish) x RCE x templated holes according to for floor closer type submitted/reviewed/purchased per above. - Provide Type 4 with 45-degree miter cut and closed ends welded returns to door/frame, see example to left) - Provide NGP Shims: #BAR1 or #BAR2 or #BAR 4 as required so that the threshold does not bow under excessive pressure or weight (shims placed above the floor closer). - At RCE corners, provide full bed of mastic. The center piece cover must be fully removable to access the floor closer.",,,,,,,62,"[75.6, 419.7, 532.0, 596.7]",catalog_number
03,,False,,"63, 64",0.86,1,EA,Center Hung In-Floor Closer Device,"FHC F900 series single acting non-hold open center hung (door to open smoothly past 90- degress to meet code - with no backcheck until after 90-degrees): - Provide complete package to meet warranty for door size, weight and adjustment per specifications. System includes, but is not limited to cement case, floor closer, top pivot set, and installation tools per specifications. - Contact Frameless Hardware Company (FHC): Patrick Comerford CSI CDT CCPR, Architectural / Pre-Bid Services; Cell #805-402- 2167. - No Dorma or Rixson floor closers allowed.",FH C,622,,,Flat black,,63,"[75.6, 89.5, 525.3, 254.9]","catalog_number, mfr"
03,,False,,"63, 64",0.86,1,EA,Top Pivot Set,Dorma or equal top pivot #HD8062,DO,622,,,Flat black,,63,"[75.6, 337.2, 527.0, 347.1]",
03,,False,,"63, 64",0.86,1,EA,"L-Shaped, Top Latching Panic Device",Basis of design: FHC HP100 “D” Shape Panic Exit Handle x F Style (Exterior Full Height Keyed Pull),FH,622,,,Flat black,,63,"[75.6, 351.0, 525.3, 372.4]",
03,,False,,"63, 64",0.86,1,EA,Electrified Strike,FHC HPE1 Electric Strike,FH,622,,,Flat black,,63,"[75.6, 376.2, 525.3, 386.1]",
03,,False,,"63, 64",0.86,1,EA,Cylinders (Rim or Mortise),20-057 or 20-061 x appropriate cam x blocking rings as required (rim or mortise type and quantity as required by locking device),SC,622,,Schlage,Flat black,,63,"[75.6, 390.0, 525.8, 422.9]",
03,,False,,"63, 64",0.86,1,EA,Permanent Core,20-030,SC,622,,Schlage,Flat black,,63,"[75.6, 426.7, 525.8, 436.6]",
03,,False,,"63, 64",0.86,1,EA,Stop,7281 (installed per 08 71 00.Part 3),TR,622,,,Flat black,,63,"[75.6, 440.5, 525.3, 450.4]",
03,,False,,"63, 64",0.86,1,EA,Center Hung Pivot Floor Closer Bronze Threshold,"NGP manufacturing #4x428BR-DKB (dark oxidized oil rubbed #722 finish) x RCE x templated holes according to for floor closer type submitted/reviewed/purchased per above. - Provide Type 4 with 45-degree miter cut and closed ends welded returns to door/frame, see example to left) - Provide NGP Shims: #BAR1 or #BAR2 or #BAR 4 as required so that the threshold does not bow under excessive pressure or weight (shims placed above the floor closer). At RCE corners, provide full bed of mastic. The center piece cover must be fully removable to access the floor closer.",,,,,,,63,"[75.6, 454.2, 527.5, 642.7]",catalog_number
03,,False,,"63, 64",0.86,1,EA,REX,Bosch Security manufacturing detector #DS160i series (or equal) x Black or by Security,,,,,,,63,"[75.6, 660.7, 467.4, 682.1]",
03,,False,,"63, 64",0.86,1,EA,Power Supply,"Furnish and install #1) single gang power drop located above or near door (not in corridor or public view, but above celling line where possible); #2) provide power supply #PS902 by Schlage; #3) run conduit from hinge through frame and complete wiring as required to meet manufacturer warranties",,,,,,,64,"[75.6, 78.0, 524.6, 134.0]",
03,,False,,"63, 64",0.86,1,EA,Door Position Switches,#679-05-HM by Schlage (coordinate with security or electrical Divisions 26 and 28 and applicable Drawings),,,,,,,64,"[75.6, 137.7, 526.8, 159.3]",
03,,False,,"63, 64",0.86,1,EA,Coordination task for security and/or electrical design and additional non-Division 08 Section scope (including but not limited to wire / - Coordinate with security or electrical Divisions 26 and 28 and connectivity from applicable Drawings as hardware does not include card reader ground or ceiling locations. through frame to - Power supply for project 24VDC locks and electric strikes by electrified hardware) Security,"By security or electrical as required per Contract Documents: - The electrified hardware specified above can be utilized for #1) non-card reader, remote access control applications (unlocked / locked remotely for open during business hours / locked after- hours) and #2) local card readers at openings as directed by architectural drawings, security or electrical.",,,,,,,64,"[75.6, 163.0, 521.3, 294.1]",description
04,,False,,65,0.89,,EA,Hinges,5BB1 (size & quantity per 08 71 00),IV,622,,Ives,Flat black,,65,"[76.9, 89.5, 508.0, 99.4]",
04,,False,,65,0.89,1,EA,Power Transfer Hinge,5BB1 x 6-wire (size per 08 71 00),IV,622,,Ives,Flat black,,65,"[76.9, 103.3, 508.0, 113.2]",
04,,False,,65,0.89,1,EA,ANSI Grade 1 Mortise Body Electrified Lockset with Lever,BASE Lever #6210SM x PVD #IXBSB satin black finish x M507EU-RX x L/C in PVD #IXBSB satin black finish (picture example of lever is in a different finish),FR,,,,,,65,"[76.9, 117.0, 511.9, 161.5]",
04,,False,,65,0.89,1,EA,Cylinders (Rim or Mortise),20-057 or 20-061 x appropriate cam x blocking rings as required (rim or mortise type and quantity as required by locking device),SC,622,,Schlage,Flat black,,65,"[76.9, 230.0, 512.4, 263.1]",
04,,False,,65,0.89,1,EA,Permanent Core,20-030,SC,622,,Schlage,Flat black,,65,"[76.9, 266.8, 512.4, 276.8]",
04,,False,,65,0.89,1,EA,Closer,4050A x REG (installed pull-side of door),LC,693,,,Black painted,,65,"[76.9, 280.5, 511.3, 290.5]",
04,,False,,65,0.89,1,EA,Floor Stop,1214,TR,622,,,Flat black,,65,"[76.9, 294.3, 511.9, 304.3]",
04,,False,,65,0.89,1,EA,Seals,5050B seals (head & jambs) by NGP or approved seal,,,,,,,65,"[76.9, 308.0, 482.7, 317.9]",
04,,False,,65,0.89,1,EA,Door Bottom,202NDKB by NGP or equal,,,,,,,65,"[76.9, 321.8, 363.2, 331.7]",
04,,False,,65,0.89,1,EA,Aluminum Threshold,513DBK flush condition (flat quarter inch) x mastic x by NGP approved equal,,,,,,,65,"[76.9, 335.6, 509.3, 357.1]",
04,,False,,65,0.89,1,EA,REX Device (security/ alarm notification),Specified in above locking hardware (coordinate with Divisions 25-28 and applicable drawings).,,,,,,,65,"[76.9, 375.6, 475.4, 397.0]",
04,,False,,65,0.89,1,EA,Door Position Switches,#679-05-HM by Schlage (coordinate with security or electrical Divisions 26 and 28 and applicable Drawings),,,,,,,65,"[76.9, 400.8, 486.7, 422.3]",
04,,False,,65,0.89,1,EA,Power Supply,"Furnish and install #1) single gang power drop located above or near door (not in corridor or public view, but above celling line where possible); #2) provide power supply #PS902 by Schlage; #3) run conduit from hinge through frame and complete wiring as required to meet manufacturer warranties",,,,,,,65,"[76.9, 426.1, 512.0, 482.0]",
04,,False,,65,0.89,1,EA,Coordination task for security and/or electrical design and additional non-Division 08 Section scope (including but not limited to wire / connectivity from ground or ceiling through frame to electrified hardware),"By security or electrical as required per Contract Documents: The electrified hardware specified above can be utilized for #1) non-card reader, remote access control applications (unlocked / locked remotely for open during business hours / locked after-hours) and #2) local card readers at openings as directed by architectural drawings, security or electrical. Coordinate with security or electrical Divisions 25-28 and applicable drawings as hardware does not include card reader locations.",,,,,,,65,"[76.9, 485.8, 512.1, 591.8]",
04.1,,False,,66,0.9,,EA,Hinges,5BB1 (size & quantity per 08 71 00),IV,622,,Ives,Flat black,,66,"[76.9, 89.5, 508.0, 99.4]",
04.1,,False,,66,0.9,1,EA,ANSI Grade 1 Mortise Body Storeroom-Type Lockset with Lever,BASE Lever #6210SM x PVD #IXBSB satin black finish x M507 x L/C in PVD #IXBSB satin black finish (picture example of lever is in a different finish),FR,,,,,,66,"[76.9, 103.3, 511.9, 159.3]",
04.1,,False,,66,0.9,1,EA,Cylinders (Rim or Mortise),20-057 or 20-061 x appropriate cam x blocking rings as required (rim or mortise type and quantity as required by locking device),SC,622,,Schlage,Flat black,,66,"[76.9, 177.6, 512.4, 210.5]",
04.1,,False,,66,0.9,1,EA,Permanent Core,20-030,SC,622,,Schlage,Flat black,,66,"[76.9, 214.3, 512.4, 224.2]",
04.1,,False,,66,0.9,1,EA,Surface Closer,4050A parallel arm (installed push-side),LC,693,,,Black painted,,66,"[76.9, 228.0, 511.3, 237.9]",
04.1,,False,,66,0.9,1,EA,Floor Stop,1214,TR,622,,,Flat black,,66,"[76.9, 241.8, 511.9, 251.7]",
04.1,,False,,66,0.9,1,EA,Seals,5050B seals (head & jambs) by NGP or approved seal,,,,,,,66,"[76.9, 255.4, 482.7, 265.4]",
04.1,,False,,66,0.9,1,EA,Door Bottom,202NDKB by NGP or equal,,,,,,,66,"[76.9, 269.2, 363.2, 279.2]",
04.1,,False,,66,0.9,1,EA,Aluminum Threshold,"427DKB flush condition or 659DKB offset as required per sill condition (7” flat or quarter inch offset sill, coordinate before submittals) x wrap frame stops x beveled miter ends x mastic x by NGP or equal",,,,,,,66,"[76.9, 283.0, 512.0, 327.5]",
04.1,,False,,66,0.9,1,EA,Overhead Rain,Provide #17DKB x FFW (fill frame width) by NGP,,,,,,,66,"[76.9, 331.3, 459.3, 341.2]",
04.2,,False,,66,0.9,,EA,Hinges,5BB1 (size & quantity per 08 71 00),IV,622,,Ives,Flat black,,66,"[76.9, 411.4, 508.0, 421.4]",
04.2,,False,,66,0.9,1,EA,ANSI Grade 1 Mortise Body Storeroom-Type Lockset with Lever,BASE Lever #6210SM x PVD #IXBSB satin black finish x M507 x L/C in PVD #IXBSB satin black finish (picture example of lever is in a different finish),FR,,,,,,66,"[76.9, 425.2, 511.9, 481.3]",
04.2,,False,,66,0.9,1,EA,Cylinders (Rim or Mortise),20-057 or 20-061 x appropriate cam x blocking rings as required (rim or mortise type and quantity as required by locking device),SC,622,,Schlage,Flat black,,66,"[76.9, 499.5, 512.4, 532.5]",
04.2,,False,,66,0.9,1,EA,Permanent Core,20-030,SC,622,,Schlage,Flat black,,66,"[76.9, 536.2, 512.4, 546.2]",
04.2,,False,,66,0.9,1,EA,Closer x Stop Arm,4050A x CUSH,LC,693,,,Black painted,,66,"[76.9, 550.0, 511.3, 560.0]",
04.2,,False,,66,0.9,1,EA,Seals,5050B seals (head & jambs) by NGP or approved seal,,,,,,,66,"[76.9, 563.7, 482.7, 573.7]",
04.2,,False,,66,0.9,1,EA,Door Bottom,202NDKB by NGP or equal,,,,,,,66,"[76.9, 577.5, 363.2, 587.5]",
04.2,,False,,66,0.9,1,EA,Aluminum Threshold,513DBK flush condition (flat quarter inch) x mastic x by NGP approved equal,,,,,,,66,"[76.9, 591.2, 509.3, 612.8]",
04.3,,False,,67,0.9,,EA,Hinges,5BB1 (size & quantity per 08 71 00),IV,622,,Ives,Flat black,,67,"[76.9, 89.5, 508.0, 99.4]",
04.3,,False,,67,0.9,1,EA,Cylinders (Rim or Mortise),20-057 or 20-061 x appropriate cam x blocking rings as required (rim or mortise type and quantity as required by locking device),SC,622,,Schlage,Flat black,,67,"[76.9, 103.3, 512.4, 136.3]",
04.3,,False,,67,0.9,1,EA,Permanent Core,20-030,SC,622,,Schlage,Flat black,,67,"[76.9, 140.0, 512.4, 149.9]",
04.3,,False,,67,0.9,1,EA,Closer,4050A x REG (installed pull-side of door),LC,693,,,Black painted,,67,"[76.9, 153.8, 511.3, 163.7]",
04.3,,False,,67,0.9,1,EA,Finger Stop,"1208 (install on door, not on exterior wall)",TR,626,,,Satin chrome,,67,"[76.9, 167.5, 511.9, 177.4]",
04.3,,False,,67,0.9,1,EA,Seal (4-sided frame),5050B seals or S88D seals approved seal manufacturer.,,,"(head, jambs and bottom door) by NGP or Pemko or",,,,67,"[76.9, 181.3, 369.4, 225.8]",
04.3,,False,,67,0.9,1,EA,Door Bottom,101VDKB by NGP or approved seal manufacturer,,,,,,,67,"[76.9, 315.0, 462.5, 324.9]",
04.3,,False,,67,0.9,1,EA,Alternate Aluminum Threshold - final to be selected,"427DKB flush condition or 659DKB offset as required per sill condition (7” flat or quarter inch offset sill, coordinate before submittals) x wrap frame stops x beveled miter ends x mastic x by NGP or equal",,,,,,,67,"[76.9, 328.8, 512.0, 373.3]",
04.3,,False,,67,0.9,2,EA,Overhead Rain Drip,Provide #17DKB x FFW (fill frame width) by NGP,,,,,,,67,"[76.9, 377.0, 459.3, 386.9]",
04.4,,False,,68,0.9,,EA,Hinges,5BB1HW (size & quantity per 08 71 00),IV,622,,Ives,Flat black,,68,"[76.9, 89.5, 508.0, 99.4]",
04.4,,False,,68,0.9,1,EA,Power Transfer Hinge,5BB1HW x 6-wire (size per 08 71 00),IV,622,,Ives,Flat black,,68,"[76.9, 103.3, 508.0, 113.2]",
04.4,,False,,68,0.9,1,EA,ANSI Grade 1 Mortise Body Electrified Lockset with Lever,BASE Lever #6210SM x PVD #IXBSB satin black finish x M507EU-RX x L/C in PVD #IXBSB satin black finish (picture example of lever is in a different finish),FR,,,,,,68,"[76.9, 117.0, 511.9, 161.5]",
04.4,,False,,68,0.9,1,EA,Cylinders (Rim or Mortise),20-057 or 20-061 x appropriate cam x blocking rings as required (rim or mortise type and quantity as required by locking device),SC,622,,Schlage,Flat black,,68,"[76.9, 230.0, 512.4, 263.1]",
04.4,,False,,68,0.9,1,EA,Permanent Core,20-030,SC,622,,Schlage,Flat black,,68,"[76.9, 266.8, 512.4, 276.8]",
04.4,,False,,68,0.9,1,EA,Closer x Stop Arm,4050A x CUSH,LC,693,,,Black painted,,68,"[76.9, 280.5, 511.3, 290.5]",
04.4,,False,,68,0.9,1,EA,Seals,Head and jabs by Door and Frame manufacturer,,,,,,,68,"[76.9, 294.3, 457.0, 304.3]",
04.4,,False,,68,0.9,1,EA,Door Bottom,202NDKB by NGP or equal,,,,,,,68,"[76.9, 308.0, 363.2, 317.9]",
04.4,,False,,68,0.9,1,EA,Aluminum Threshold,513DBK flush condition (flat quarter inch) x mastic x by NGP,,,,,,,68,"[76.9, 321.8, 509.3, 331.7]",
04.4,,False,,68,0.9,1,EA,REX Device (security/ alarm notification),Specified in above locking hardware (coordinate with Divisions 25-28 and applicable drawings).,,,,,,,68,"[76.9, 335.6, 475.4, 357.1]",
04.4,,False,,68,0.9,1,EA,Door Position Switches,#679-05-HM by Schlage (coordinate with security or electrical Divisions 26 and 28 and applicable Drawings),,,,,,,68,"[76.9, 360.8, 486.7, 382.3]",
04.4,,False,,68,0.9,1,EA,Power Supply,"Furnish and install #1) single gang power drop located above or near door (not in corridor or public view, but above celling line where possible); #2) provide power supply #PS902 by Schlage; #3) run conduit from hinge through frame and complete wiring as required to meet manufacturer warranties",,,,,,,68,"[76.9, 386.0, 512.0, 442.0]",
04.4,,False,,68,0.9,1,EA,Coordination task for security and/or electrical design and additional non-Division 08 Section scope (including but not limited to wire / connectivity from ground or ceiling through frame to electrified hardware),"By security or electrical as required per Contract Documents: The electrified hardware specified above can be utilized for #1) non-card reader, remote access control applications (unlocked / locked remotely for open during business hours / locked after-hours) and #2) local card readers at openings as directed by architectural drawings, security or electrical. Coordinate with security or electrical Divisions 25-28 and applicable drawings as hardware does not include card reader locations.",,,,,,,68,"[76.9, 445.8, 512.1, 551.8]",
04.5,,False,,69,0.88,,EA,Swing Clear Hinge,5BB1HWSC 5 inch or beveled edge 5BB1HWBSC 5 inch as required per opening bevel (quantity per 08 7100),IV,622,,Ives,Flat black,,69,"[76.9, 89.5, 508.0, 122.5]",
04.5,,False,,69,0.88,1,EA,Electrified Power Transfer,4612-1-SC (swing clear application),AD,Dark,,Adams Rite,,,69,"[76.9, 126.2, 512.4, 147.8]",finish
04.5,,False,,69,0.88,1,EA,ANSI Grade 1 Mortise Body Electrified Lockset with Lever,BASE Lever #6210SM x PVD #IXBSB satin black finish x M507EU-RX x L/C in PVD #IXBSB satin black finish (picture example of lever is in a different finish),FR,,,,,,69,"[76.9, 171.4, 511.9, 215.9]",
04.5,,False,,69,0.88,1,EA,Cylinders (Rim or Mortise),20-057 or 20-061 x appropriate cam x blocking rings as required (rim or mortise type and quantity as required by locking device),SC,622,,Schlage,Flat black,,69,"[76.9, 264.2, 512.4, 297.3]",
04.5,,False,,69,0.88,1,EA,Permanent Core,20-030,SC,622,,Schlage,Flat black,,69,"[76.9, 301.0, 512.4, 311.0]",
04.5,,False,,69,0.88,1,EA,Closer,4050A x REG (installed pull-side of door),LC,693,,,Black painted,,69,"[76.9, 314.7, 511.3, 324.7]",
04.5,,False,,69,0.88,1,EA,Floor Stop,1214,TR,622,,,Flat black,,69,"[76.9, 328.5, 511.9, 338.5]",
04.5,,False,,69,0.88,1,EA,Seals,5050B seals (head & jambs) by NGP or approved seal,,,,,,,69,"[76.9, 342.2, 482.7, 352.1]",
04.5,,False,,69,0.88,1,EA,Door Bottom,202NDKB by NGP or equal,,,,,,,69,"[76.9, 356.0, 363.2, 365.9]",
04.5,,False,,69,0.88,1,EA,Aluminum Threshold,513DBK flush condition (flat quarter inch) x mastic x by NGP approved equal,,,,,,,69,"[76.9, 369.8, 509.3, 391.3]",
04.5,,False,,69,0.88,1,EA,REX Device (security/ alarm notification),Specified in above locking hardware (coordinate with Divisions 25-28 and applicable drawings).,,,,,,,69,"[76.9, 397.0, 475.4, 418.5]",
04.5,,False,,69,0.88,1,EA,Door Position Switches,#679-05-HM by Schlage (coordinate with security or electrical Divisions 26 and 28 and applicable Drawings),,,,,,,69,"[76.9, 422.2, 486.7, 443.7]",
04.5,,False,,69,0.88,1,EA,Power Supply,"Furnish and install #1) single gang power drop located above or near door (not in corridor or public view, but above celling line where possible); #2) provide power supply #PS902 by Schlage; #3) run conduit from hinge through frame and complete wiring as required to meet manufacturer warranties",,,,,,,69,"[76.9, 447.4, 512.0, 503.5]",
04.5,,False,,69,0.88,1,EA,Coordination task for security and/or electrical design and additional non-Division 08 Section scope (including but not limited to wire / connectivity from ground or ceiling through frame to electrified hardware),"By security or electrical as required per Contract Documents: The electrified hardware specified above can be utilized for #1) non-card reader, remote access control applications (unlocked / locked remotely for open during business hours / locked after-hours) and #2) local card readers at openings as directed by architectural drawings, security or electrical. Coordinate with security or electrical Divisions 25-28 and applicable drawings as hardware does not include card reader locations.",,,,,,,69,"[76.9, 507.2, 512.1, 613.3]",
05,see gate details on architectural drawings,False,,70,0.88,1,EA,Hydraulic Closers / Hinges Set,"Locinox #Mammoth 180 Hydraulic Closers/Hinges Set: Heavy duty 180-degree hydraulic gate closer and hinge for gates up to 330 pounds x Black Finish (note: if round post similar to chain-link, provide additional Locinox brackets part #CLB Mammoth). At gates weighing over 330 pounds, provide Ultra heavy duty 180- degree hydraulic gate closer and hinge for gates up to 440 pound gate leafs",,,,,,,70,"[77.0, 89.5, 527.9, 214.5]",catalog_number
05,see gate details on architectural drawings,False,,70,0.88,1,EA,Lock Guard (inside),"TORXUN manufacturing – see www.torxun.com part #9912.001R (or equal devices as required by architectural details, and language in Section 08 71 00)",,,,,,,70,"[77.0, 221.4, 530.3, 254.5]",
05,see gate details on architectural drawings,False,,70,0.88,1,EA,ANSI Grade 1 Mortise Body Storeroom-Type Lockset with Lever,BASE Lever #6210SM x PVD #IXBSB satin black x M507 x L/C in PVD #IXBSB satin black finish (example lever is in a different finish),,,,,,,70,"[77.0, 258.2, 459.7, 291.2]",
05,see gate details on architectural drawings,False,,70,0.88,1,EA,Electric Strike,HES manufacturing surface mount #1600 in black finish. In shop drawings provide detail to show how to hide electric strike to not catch clothing.,,,,,,,70,"[77.0, 304.9, 517.6, 337.9]",
05,see gate details on architectural drawings,False,,70,0.88,1,EA,Electric Strike Power Supply,"Furnish and install #1) single gang power drop located above or near door (not in corridor or public view, but above celling line where possible); #2) provide power supply #PS902 by Schlage; #3) run conduit from hinge through frame and complete wiring as required to meet manufacturer warranties",,,,,,,70,"[77.0, 341.6, 531.0, 397.6]",
05,see gate details on architectural drawings,False,,70,0.88,1,EA,I/C Cylinders (Rim or Mortise),20-057 or 20-061 x appropriate cam x blocking rings as required,SC,622,,Schlage,Flat black,,70,"[77.0, 401.4, 530.3, 422.8]",
05,see gate details on architectural drawings,False,,70,0.88,1,EA,Permanent Core,20-030,SC,622,,Schlage,Flat black,,70,"[77.0, 426.6, 530.3, 436.5]",
05,see gate details on architectural drawings,False,,70,0.88,1,EA,Floor Stop,1214,TR,622,,,Flat black,,70,"[77.0, 440.4, 529.8, 450.3]",
05,see gate details on architectural drawings,False,,70,0.88,1,EA,"Bottom of doors 10” Clear, Unobstructed and Smooth Surface","Per above specifications and by gate manufacturer (push-side, ground smooth, primed, and painted to match gate).",,,,,,,70,"[77.0, 454.0, 510.4, 487.1]",
05,see gate details on architectural drawings,False,,70,0.88,1,EA,Painted Full Height Astragal,Per above specifications and by gate manufacturer and per specifications (utilized as a positive stop – when gate closes against the astragals the opening cannot swing back in toward the egress side),,,,,,,70,"[77.0, 490.9, 525.5, 535.4]",
05,see gate details on architectural drawings,False,,70,0.88,1,EA,Surface Door Position Switch,"#7766 single pole, double throw x by Schlage (coordinate with Div 25-28 + drawings)",,,,,,,70,"[77.0, 539.1, 434.2, 560.6]",
05,see gate details on architectural drawings,False,,70,0.88,1,EA,REX,By Security (coordinate with Div. 25-28 + applicable drawings).,,,,,,,70,"[77.0, 564.8, 510.7, 574.7]",
05,see gate details on architectural drawings,False,,70,0.88,1,EA,Coordination task for security and/or electrical design and additional non- Division 08 Section scope (including but not limited to wire / connectivity from ground through frame to electrified hardware),"By security or electrical as required per Contract Documents: The electrified hardware specified above can be utilized for #1) non-card reader, remote access control applications (unlocked / locked remotely for open during business hours / locked after- hours) and #2) local card readers at openings as directed by architectural drawings, security or electrical. Coordinate with security or electrical Divisions 25-28 and applicable drawings as hardware does not include card reader locations",,,,,,,70,"[77.0, 578.6, 530.0, 669.1]",catalog_number
05.1,see gate details on architectural drawings,False,,71,0.89,1,EA,Hydraulic Closers / Hinges Set,"Locinox #Mammoth 180 Hydraulic Closers/Hinges Set: Heavy duty 180-degree hydraulic gate closer and hinge for gates up to 330 pounds x Black Finish (note: if round post similar to chain-link, provide additional Locinox brackets part #CLB Mammoth). At gates weighing over 330 pounds, provide Ultra heavy duty 180- degree hydraulic gate closer and hinge for gates up to 440 pound gate leafs",,,,,,,71,"[77.0, 89.5, 527.9, 214.5]",catalog_number
05.1,see gate details on architectural drawings,False,,71,0.89,1,EA,Lock Guard (inside),"TORXUN manufacturing – see www.torxun.com part #9912.001R (or equal devices as required by architectural details, and language in Section 08 71 00)",,,,,,,71,"[77.0, 221.4, 530.3, 254.5]",
05.1,see gate details on architectural drawings,False,,71,0.89,1,EA,ANSI Grade 1 Mortise Body Storeroom-Type Lockset with Lever,BASE Lever #6210SM x PVD #IXBSB satin black x M507 x L/C in PVD #IXBSB satin black finish (example lever is in a different finish),,,,,,,71,"[77.0, 258.2, 439.6, 291.2]",
05.1,see gate details on architectural drawings,False,,71,0.89,1,EA,I/C Cylinders (Rim or Mortise),20-057 or 20-061 x appropriate cam x blocking rings as required,SC,622,,Schlage,Flat black,,71,"[77.0, 304.9, 530.3, 326.3]",
05.1,see gate details on architectural drawings,False,,71,0.89,1,EA,Permanent Core,20-030,SC,622,,Schlage,Flat black,,71,"[77.0, 330.1, 530.3, 340.0]",
05.1,see gate details on architectural drawings,False,,71,0.89,1,EA,Floor Stop,1214,TR,622,,,Flat black,,71,"[77.0, 343.9, 529.8, 353.8]",
05.1,see gate details on architectural drawings,False,,71,0.89,1,EA,"Bottom of doors 10” Clear, Unobstructed and Smooth Surface","Per above specifications and by gate manufacturer (push-side, ground smooth, primed, and painted to match gate).",,,,,,,71,"[77.0, 357.6, 510.4, 390.5]",
05.1,see gate details on architectural drawings,False,,71,0.89,1,EA,Painted Full Height Astragal,Per above specifications and by gate manufacturer and per specifications (utilized as a positive stop – when gate closes against the astragals the opening cannot swing back in toward the egress side),,,,,,,71,"[77.0, 394.4, 525.5, 438.8]",
05.2,see gate details on architectural drawings,False,,72,0.81,1,EA,Hydraulic Closers / Hinges Set,"Locinox #Mammoth 180 Hydraulic Closers/Hinges Set: Heavy duty 180-degree hydraulic gate closer and hinge for gates up to 330 pounds x Black Finish (note: if round post similar to chain-link, provide additional Locinox brackets part #CLB Mammoth). At gates weighing over 330 pounds, provide Ultra heavy duty 180- degree hydraulic gate closer and hinge for gates up to 440 pound gate leafs",,,,,,,72,"[77.0, 89.5, 527.9, 214.5]",catalog_number
05.2,see gate details on architectural drawings,False,,72,0.81,1,EA,ANSI Grade 1 Mortise Body Passage Latchset x Lever,Frascio #BASE Lever #6210SM x PVD #IXBSB satin black finish x M501 x L/C in PVD #IXBSB satin black,,,,,,,72,"[77.0, 221.4, 526.9, 254.5]",
05.2,see gate details on architectural drawings,False,,72,0.81,1,EA,Floor Stop,1214-5 (5” high),TR,622,,,Flat black,,72,"[77.0, 258.2, 529.8, 268.1]","mfr, finish"
05.2,see gate details on architectural drawings,False,,72,0.81,1,EA,"Bottom of doors 10” Clear, Unobstructed and Smooth Surface","Per above specifications and by gate manufacturer (push-side, ground smooth, primed, and painted to match gate).",,,,,,,72,"[77.0, 271.9, 510.4, 304.9]",
05.2,see gate details on architectural drawings,False,,72,0.81,1,EA,Painted Full Height Astragal,Per above specifications and by gate manufacturer and per specifications (utilized as a positive stop – when gate closes against the astragals the opening cannot swing back in toward the egress side),,,,,,,72,"[77.0, 308.6, 525.5, 353.1]",
06,,False,,73,0.89,,EA,Hinges,5BB1HW (size & quantity per 08 71 00) – verify all rated doors will have steel-based hinges under the 622 finishes,IV,622,,Ives,Flat black,,73,"[77.0, 89.7, 532.1, 122.7]",
06,,False,,73,0.89,2,EA,Power Transfer Hinge,5BB1HW x 6-wire (size per 08 71 00),IV,622,,Ives,Flat black,,73,"[77.0, 126.8, 532.1, 136.7]",
06,,False,,73,0.89,1,EA,Fire Rated Surface Vertical Rod Exit/Panic Device x Electrified Levers,RX AX 9927L-F x M996L-R/V x Longitude Lever x LBR x Fire Bolt,VO,622,,Von Duprin,Flat black,,73,"[77.0, 140.5, 537.1, 173.5]",
06,,False,,73,0.89,1,EA,Fire Rated Surface Vertical Rod Exit/Panic Device x no pull-side trim,RX AX 9927EO-F x LBR x Fire Bolt,VO,622,,Von Duprin,Flat black,,73,"[77.0, 177.2, 537.1, 210.3]",
06,,False,,73,0.89,1,EA,I/C Cylinders (Rim or Mortise),20-057 or 20-061 (Rim or Mortise type & quantity as required by locking device x appropriate cam x blocking rings) as required per specifications,SC,622,,Schlage,Flat black,,73,"[77.0, 214.0, 536.5, 247.0]",
06,,False,,73,0.89,1,EA,Permanent Core,23-030,SC,622,,Schlage,Flat black,,73,"[77.0, 250.8, 536.5, 260.7]",
06,,False,,73,0.89,2,EA,Surface Closer,4050A parallel arm (installed to swing 180-degrees on push-side of doors),LC,693,,,Black painted,,73,"[77.0, 264.4, 535.4, 286.0]",
06,,False,,73,0.89,2,EA,Armor Plate,"KA050 34"" tall x 2"" LDW (less door width) x B4E (beveled edges) x counter sunk or approved adhesive per 08 71 00.Part 2 (no raised fasteners)",TR,630,,,Satin stainless steel,,73,"[77.0, 289.8, 536.0, 322.7]",
06,,False,,73,0.89,2,EA,Stop,1214 (installed per 08 71 00.Part 3),TR,622,,,Flat black,,73,"[77.0, 326.5, 536.0, 336.4]",
06,,False,,73,0.89,1,EA,Seals,5050B seals (head & jambs) by NGP or approved seal,,,,,,,73,"[77.0, 340.3, 496.2, 350.2]",
06,,False,,73,0.89,2,EA,UL Listed Split Astragal,672A by NGP or approved seal manufacturer,,,,,,,73,"[77.0, 354.0, 455.6, 363.9]",
06,,False,,73,0.89,2,EA,Door Bottom Sweep,202NDKB by NGP or approved equal,,,,,,,73,"[77.0, 394.9, 421.1, 404.8]",
06,,False,,73,0.89,1,EA,Aluminum Threshold,"427DKB flush condition or 659DKB offset as required per sill condition (7” flat or quarter inch offset sill, coordinate before submittals) x wrap frame stops x beveled miter ends x mastic x by NGP or equal",,,,,,,73,"[77.0, 408.6, 533.3, 453.1]",
06,,False,,73,0.89,1,EA,Overhead Rain Drip,Provide #17DKB x FFW (fill frame width) by NGP,,,,,,,73,"[77.0, 456.8, 472.8, 466.7]",
06,,False,,73,0.89,1,EA,REX Device (security/ alarm notification),Specified in above locking hardware (coordinate with Divisions 25-28 and applicable drawings).,,,,,,,73,"[77.0, 470.6, 531.8, 492.1]",
06,,False,,73,0.89,2,EA,Door Position Switches,#679-05-HM by Schlage (coordinate with security or electrical Divisions 26 and 28 and applicable Drawings),,,,,,,73,"[77.0, 495.8, 527.8, 517.4]",
06,,False,,73,0.89,1,EA,Power Supply,"Furnish and install #1) single gang power drop located above or near door (not in corridor or public view, but above celling line where possible); #2) provide power supply #PS902 by Schlage; #3) run conduit from hinge through frame and complete wiring as required to meet manufacturer warranties",,,,,,,73,"[77.0, 521.1, 537.3, 577.0]",
06,,False,,73,0.89,1,EA,Coordination task for security and/or electrical design and additional non- Division 08 Section scope (including but not limited to wire / connectivity from ground through frame to electrified hardware),"By security or electrical as required per Contract Documents: The electrified hardware specified above can be utilized for #1) non-card reader, remote access control applications (unlocked / locked remotely for open during business hours / locked after- hours) and #2) local card readers at openings as directed by architectural drawings, security or electrical. Coordinate with security or electrical Divisions 25-28 and applicable drawings as hardware does not include card reader locations",,,,,,,73,"[77.0, 580.8, 537.4, 671.3]",catalog_number
06.1,,False,,74,0.89,,EA,Hinges,5BB1HW (size & quantity per 08 71 00) – verify all rated doors will have steel-based hinges under the 622 finishes,IV,622,,Ives,Flat black,,74,"[77.0, 89.7, 532.1, 122.7]",
06.1,,False,,74,0.89,2,EA,Fire Rated Surface Vertical Rod Exit/Panic Device x Lockable Levers,AX 9927L-F x 996L-R/V x Longitude Lever x LBR x Fire Bolts x BHMA 08 function,VO,622,,Von Duprin,Flat black,,74,"[77.0, 126.4, 537.1, 159.5]",
06.1,,False,,74,0.89,2,EA,I/C Cylinders (Rim or Mortise),20-057 or 20-061 (Rim or Mortise type & quantity as required by locking device x appropriate cam x blocking rings) as required per specifications,SC,622,,Schlage,Flat black,,74,"[77.0, 163.3, 536.5, 196.3]",
06.1,,False,,74,0.89,2,EA,Permanent Core,23-030,SC,622,,Schlage,Flat black,,74,"[77.0, 200.0, 536.5, 209.9]",
06.1,,False,,74,0.89,2,EA,Surface Closer,4050A parallel arm (installed to swing 180-degrees on push-side of doors),LC,693,,,Black painted,,74,"[77.0, 213.8, 535.4, 235.3]",
06.1,,False,,74,0.89,2,EA,Armor Plate,"KA050 34"" tall x 2"" LDW (less door width) x B4E (beveled edges) x counter sunk or approved adhesive per 08 71 00.Part 2 (no raised fasteners)",TR,630,,,Satin stainless steel,,74,"[77.0, 239.0, 536.0, 272.0]",
06.1,,False,,74,0.89,2,EA,Stop,1214 (installed per 08 71 00.Part 3),TR,622,,,Flat black,,74,"[77.0, 275.7, 536.0, 285.7]",
06.1,,False,,74,0.89,1,EA,Seals,5050B seals (head & jambs) by NGP or approved seal,,,,,,,74,"[77.0, 289.5, 496.2, 299.5]",
06.1,,False,,74,0.89,2,EA,UL Listed Split Astragal,672A by NGP or approved seal manufacturer,,,,,,,74,"[77.0, 303.2, 455.6, 313.1]",
06.1,,False,,74,0.89,2,EA,Door Bottom Sweep,202NDKB by NGP or approved equal,,,,,,,74,"[77.0, 344.1, 421.1, 354.1]",
06.1,,False,,74,0.89,1,EA,Aluminum Threshold,"427DKB flush condition or 659DKB offset as required per sill condition (7” flat or quarter inch offset sill, coordinate before submittals) x wrap frame stops x beveled miter ends x mastic x by NGP or equal",,,,,,,74,"[77.0, 357.8, 533.3, 402.3]",
06.1,,False,,74,0.89,1,EA,Overhead Rain Drip,Provide #17DKB x FFW (fill frame width) by NGP,,,,,,,74,"[77.0, 406.0, 472.8, 416.0]",
06.2,,False,,75,0.89,,EA,Hinges,5BB1HW (size & quantity per 08 71 00) – verify all rated doors will have steel-based hinges under the 622 finishes,IV,622,,Ives,Flat black,,75,"[77.0, 89.7, 532.1, 122.7]",
06.2,,False,,75,0.89,1,EA,Fire Rated Rim Exit/Panic Device x Lockable Lever,AX 99L-F x 996L-R/V x Longitude Lever x BHMA 08 function,VO,622,,Von Duprin,Flat black,,75,"[77.0, 126.4, 537.1, 148.0]",
06.2,,False,,75,0.89,1,EA,I/C Cylinders (Rim or Mortise),20-057 or 20-061 (Rim or Mortise type & quantity as required by locking device x appropriate cam x blocking rings) as required per specifications,SC,622,,Schlage,Flat black,,75,"[77.0, 151.8, 536.5, 184.7]",
06.2,,False,,75,0.89,1,EA,Permanent Core,23-030,SC,622,,Schlage,Flat black,,75,"[77.0, 188.5, 536.5, 198.4]",
06.2,,False,,75,0.89,1,EA,Surface Closer,4050A parallel arm x DA (Delayed Action feature installed to swing 180-degrees on push-side of doors),LC,693,,,Black painted,,75,"[77.0, 202.3, 535.4, 235.3]",
06.2,,False,,75,0.89,1,EA,Armor Plate,"KA050 34"" tall x 2"" LDW (less door width) x B4E (beveled edges) x counter sunk or approved adhesive per 08 71 00.Part 2 (no raised fasteners)",TR,630,,,Satin stainless steel,,75,"[77.0, 239.0, 536.0, 272.0]",
06.2,,False,,75,0.89,1,EA,Stop,1214 (installed per 08 71 00.Part 3),TR,622,,,Flat black,,75,"[77.0, 275.7, 536.0, 285.7]",
06.2,,False,,75,0.89,1,EA,Seals,5050B seals (head & jambs) by NGP or approved seal,,,,,,,75,"[77.0, 289.5, 496.2, 299.5]",
06.2,,False,,75,0.89,1,EA,Door Bottom Sweep,202NDKB by NGP or approved equal,,,,,,,75,"[77.0, 303.2, 421.1, 313.1]",
06.2,,False,,75,0.89,1,EA,Threshold,513HD x SIA x mastic x by NGP (meet ANSI 156.21 per below),,,,,,,75,"[77.0, 317.0, 535.6, 326.9]",
06.3,,False,,76,0.9,,EA,Hinges,5BB1HW (size & quantity per 08 71 00),IV,622,,Ives,Flat black,,76,"[77.0, 89.7, 532.1, 99.7]",
06.3,,False,,76,0.9,2,EA,Fire Rated Surface Vertical Rod Exit/Panic Device x Lockable Levers,AX 9927L-F x 996L-R/V x Longitude Lever x LBR x Fire Bolts x BHMA 08 function. Delete -F where doors are not rated,VO,622,,Von Duprin,Flat black,,76,"[77.0, 103.5, 537.1, 136.5]",
06.3,,False,,76,0.9,2,EA,I/C Cylinders (Rim or Mortise),20-057 or 20-061 (Rim or Mortise type & quantity as required by locking device x appropriate cam x blocking rings) as required per specifications,SC,622,,Schlage,Flat black,,76,"[77.0, 140.2, 536.5, 173.2]",
06.3,,False,,76,0.9,2,EA,Permanent Core,23-030,SC,622,,Schlage,Flat black,,76,"[77.0, 177.0, 536.5, 186.9]",
06.3,,False,,76,0.9,2,EA,Surface Closer,4050A parallel arm (installed to swing 180-degrees on push-side of doors),LC,693,,,Black painted,,76,"[77.0, 190.8, 535.4, 212.2]",
06.3,,False,,76,0.9,2,EA,Armor Plate,"KA050 34"" tall x 2"" LDW (less door width) x B4E (beveled edges) x counter sunk or approved adhesive per 08 71 00.Part 2 (no raised fasteners)",TR,630,,,Satin stainless steel,,76,"[77.0, 216.0, 536.0, 248.9]",
06.3,,False,,76,0.9,2,EA,Stop,1214 (installed per 08 71 00.Part 3),TR,622,,,Flat black,,76,"[77.0, 252.8, 536.0, 262.7]",
06.3,,False,,76,0.9,1,EA,Seals,5050B seals (head & jambs) by NGP or approved seal,,,,,,,76,"[77.0, 266.5, 496.2, 276.4]",
06.3,,False,,76,0.9,2,EA,UL Listed Split Astragal,672A by NGP or approved seal manufacturer,,,,,,,76,"[77.0, 280.3, 455.6, 290.2]",
06.3,,False,,76,0.9,2,EA,Door Bottom Sweep,202NDKB by NGP or approved equal,,,,,,,76,"[77.0, 321.1, 421.1, 331.0]",
06.3,,False,,76,0.9,1,EA,Threshold,513HD x SIA x mastic x by NGP (meet ANSI 156.21 per below),,,,,,,76,"[77.0, 334.9, 535.6, 344.8]",
07,,False,,76,0.72,1,EA,I/C Cylinders (Rim or Mortise),20-057 or 20-061 (Rim or Mortise type & quantity as required by locking device x appropriate cam x blocking rings) as required per specifications,SC,622,,Schlage,Flat black,,76,"[77.2, 523.4, 534.8, 556.4]","catalog_number, finish"
07,,False,,76,0.72,1,EA,"Permanent Core Note 1: For doors/openings assigned this hardware group/set, the cylinder is for unit-type pricing.",23-030,SC At,622,,,Flat black,,76,"[77.2, 560.1, 534.8, 583.9]","description, catalog_number, mfr, finish"
08,,False,,77,0.89,,EA,Hinge,5BB1 (size & quantity per 08 71 00),IV,622,,Ives,Flat black,,77,"[77.0, 89.5, 530.4, 99.4]",
08,,False,,77,0.89,1,EA,Fire Rated Rim Exit/Panic Device with Passage Lever (never lockable),AX 99L-BE-F x 996L-BE x #Longitude Passage Lever (never lockable),VO,622,,Von Duprin,Flat black,,77,"[77.0, 103.3, 535.4, 136.3]",
08,,False,,77,0.89,1,EA,Closer,4050A x REG (installed pull-side of door),LC,693,,,Black painted,,77,"[77.0, 140.0, 533.7, 149.9]",
08,,False,,77,0.89,1,EA,Kick Plate,"KO050 10"" tall x 2"" LDW (less door width) x B4E (beveled edges) x counter sunk or approved adhesive per 08 71 00.Part 2 (no raised fasteners)",TR,622,,,Flat black,,77,"[77.0, 153.8, 534.3, 186.8]",
08,,False,,77,0.89,1,EA,Floor Stop,1214,TR,622,,,Flat black,,77,"[77.0, 190.5, 534.3, 200.5]",
08,,False,,77,0.89,1,EA,Seals,5050B (head & jambs) by NGP,,,,,,,77,"[77.0, 204.2, 383.9, 214.1]",
08,,False,,77,0.89,1,EA,Door Bottom Sweep,202NDKB by NGP or approved equal,,,,,,,77,"[77.0, 218.0, 412.1, 227.9]",
08,,False,,77,0.89,1,EA,Aluminum Threshold,513DBK flush condition mastic x by NGP,,,(flat quarter inch) x,,,,77,"[77.0, 231.8, 350.4, 264.8]",
08.1,,False,,77,0.9,,EA,Hinges,5BB1 (size & quantity per 08 71 00),IV,622,,Ives,Flat black,,77,"[76.9, 337.0, 526.0, 347.0]",
08.1,,False,,77,0.9,1,EA,Rim Exit/Panic Device,AX 99L-NL x 996L-NL (key override) x #Longitude Lever x BHMA 03 locked at all times,VO,622,,Von Duprin,Flat black,,77,"[76.9, 350.8, 530.9, 372.3]",
08.1,,False,,77,0.9,1,EA,I/C Cylinders (Rim or Mortise),20-057 or 20-061 x appropriate cam x blocking rings as required (rim or mortise type and quantity as required by locking device),SC,622,,Schlage,Flat black,,77,"[76.9, 376.0, 530.4, 409.0]",
08.1,,False,,77,0.9,1,EA,Permanent Core,20-030,SC,622,,Schlage,Flat black,,77,"[76.9, 412.9, 530.4, 422.8]",
08.1,,False,,77,0.9,1,EA,Closer x Stop Arm,4050A x CUSH,LC,693,,,Black painted,,77,"[76.9, 426.6, 529.3, 436.5]",
08.1,,False,,77,0.9,1,EA,Kick Plate,"KO050 10"" tall x 2"" LDW (less door width) x B4E (beveled edges) x counter sunk or approved adhesive per 08 71 00.Part 2 (no raised fasteners)",TR,622,,,Flat black,,77,"[76.9, 440.4, 529.9, 473.3]",
08.1,,False,,77,0.9,1,EA,Seals,5050B seals (head & jambs) by NGP or approved seal,,,,,,,77,"[76.9, 477.1, 482.7, 487.0]",
08.1,,False,,77,0.9,1,EA,Door Bottom,202NDKB by NGP or equal,,,,,,,77,"[76.9, 490.9, 363.2, 500.8]",
08.1,,False,,77,0.9,1,EA,Aluminum Threshold,"427DKB flush condition or 659DKB offset as required per sill condition (7” flat or quarter inch offset sill, coordinate before submittals) x wrap frame stops x beveled miter ends x mastic x by NGP or equal",,,,,,,77,"[76.9, 504.6, 533.1, 549.1]",
08.1,,False,,77,0.9,1,EA,Overhead Rain Drip,Provide #17DKB x FFW (fill frame width) by NGP,,,,,,,77,"[76.9, 552.8, 459.3, 562.7]",
09,,False,,"78, 79",0.88,1,EA,Hydraulic Closers / Hinges Sets,"Locinox manufacturing #Mammoth 180 Hydraulic Closers / Hinges Set: Heavy duty 180° hydraulic gate closer and hinge for gates up to 330 lbs. x Black Finish. At gates weighing over 330 pounds, provide Ultra heavy duty 180° hydraulic gate closer and hinge for gates up to 440 lbs.",LO,,,Locinox,,,78,"[77.0, 89.5, 525.3, 157.0]",catalog_number
09,,False,,"78, 79",0.88,1,EA,Electrified Power Transfer (for use with QELX and WP-RX),Schlage manufacturing UL10C compliant #788C-12 power transfer loop,SC,,,Schlage,,,78,"[77.0, 194.7, 525.8, 250.7]",
09,,False,,"78, 79",0.88,1,EA,"Exterior Weatherproof, Electrified Latch Retraction Rim Exit/Panic Device x Key Override",Von Duprin manufacturing # WP-RX WH OUT QELX-99L-NL x 110NL-MD in flat black finish x prepared and coordinated with pull. Mount with Weldable Box as required for panic device and strike template requirements – see below.,VO,622,,Von Duprin,Flat black,,78,"[77.0, 254.5, 526.4, 310.5]",catalog_number
09,,False,,"78, 79",0.88,1,EA,"Strikes and Weldable Boxes (template as required by all furnished hardware, see Section 08 71 00, Part 1 for templating requirements and full specs which call for fully welded, no seams, ground smooth, prime and finishes per architectural drawings and welding/paint specifications)","Furnish and install: #1) Welded, templated areas for devices (requires 1-3/4” thick gate stile and/or boxes as required where device is installed (templates to have custom welded areas preferred yet contact technicians at www.keedex.com for alternate weldable boxes if necessary - means and methods no-designer, show detailed templating in submittals and shop drawings). #2) Provide welded areas and brackets as required for condition for either special strike #1609 or combo devices #050996 strike bracket with 299F (means and methods no- designer, show detailed templating in submittals and shop drawings).",,,,,,,78,"[77.0, 314.2, 417.7, 558.2]",
09,,False,,"78, 79",0.88,1,EA,Offset Pull,AP423-J-60” (do not block emergency key override),TR,622,,,Flat black,,78,"[77.0, 579.7, 525.3, 601.1]",
09,,False,,"78, 79",0.88,1,EA,Bar Guard (inside),TORXUN Guard (inside) Part #9912.002R,TO,622,,,Flat black,,78,"[77.0, 604.9, 525.9, 614.8]",
09,,False,,"78, 79",0.88,1,EA,I/C Cylinders (Rim or Mortise),20-057 or 20-061 (Rim or Mortise type & quantity as required by locking device x appropriate cam x blocking rings) as required per specifications,SC,622,,Schlage,Flat black,,78,"[77.0, 618.7, 525.8, 651.7]",
09,,False,,"78, 79",0.88,1,EA,Permanent Core,23-030,SC,622,,Schlage,Flat black,,78,"[77.0, 655.4, 525.8, 665.3]",
09,,False,,"78, 79",0.88,1,EA,Stop,"7281 (installed per 08 71 00.Part 3), verify undercut before ordering",TR,622,,,Flat black,,78,"[77.0, 669.2, 525.3, 690.7]",
09,,False,,"78, 79",0.88,1,EA,Bottom Rail (kickplate),"Gates to have greater than 10” clear, unobstructed and smooth surface per above specifications and by gate manufacturer (push-side, ground smooth, primed and painted to match gate).",,,,,,,78,"[77.0, 694.4, 499.0, 704.3]",
09,,False,,"78, 79",0.88,1,EA,Painted Full Height Astragal,Per above specifications and by gate manufacturer and per specifications (utilized as a positive stop – when gate closes against the astragals the opening cannot swing back in toward the egress side),,,,,,,79,"[77.0, 112.8, 531.2, 157.3]",
09,,False,,"78, 79",0.88,1,EA,QEL Power Supply,"Furnish and install #1) single gang power drop located above or near door (not in corridor or public view, but above celling line where possible); #2) provide power supply #PS904 4 RL with 900-BB (battery backup for additional auto operator opening cycles when there is power loss); #3) run conduit from hinge through frame and complete wiring as required to meet manufacturer warranties",,,,,,,79,"[77.0, 161.0, 525.5, 239.9]",
09,,False,,"78, 79",0.88,1,EA,Surface Door Position Switch (also known as Alarm Contacts),"#7766 single pole, double throw x by Schlage manufacturing (coordinate with Divisions 25-28 and applicable drawings)",,,,,,,79,"[77.0, 243.8, 404.3, 288.2]",
09,,False,,"78, 79",0.88,1,EA,Coordination task for security and/or electrical design and additional non- Division 08 Section scope (including but not limited to wire / connectivity from ground through framing to electrified hardware,"By security or electrical as required per Contract Documents: The electrified hardware specified above can be utilized for #1) non-card reader, remote access control applications (unlocked / locked remotely for open during business hours / locked after-hours) and #2) local card readers at openings as directed by architectural drawings, security or electrical. Coordinate with security or electrical Divisions 25-28 and applicable drawings as hardware does not include card reader locations.",,,,,,,79,"[77.0, 292.0, 527.1, 394.0]",
10,,False,,"80, 81",0.87,1,EA,Continuous Hinge Electrified Wire Transfer,"Select manufacturing SL11-HD device (120 inch or length as required for door height) x black anodized x #ATW accessible through wire transfer. Different door thicknesses and frame dimensions will affect hinge type. Per specifications whether or not marked throughout all, verify for proper hinge type before submittals. Do not submit hinges until verified for correct hinge application per opening (means and methods with Select factory). For all other pre-approved aluminum hinge manufacturer this hinge must be pre- templated at the factory to use the Securitron or equal power transfer below.",SE,BL,,,Black,,80,"[77.0, 89.7, 536.0, 237.8]",catalog_number
10,,False,,"80, 81",0.87,1,EA,Alternate Power Transfer,Securitron manufacturing #CEPT-10B,SN,613,,,Oil-rubbed bronze,,80,"[77.0, 241.8, 536.5, 251.7]",
10,,False,,"80, 81",0.87,1,EA,Rim Exit/Panic Device x Key Override,QELX RX 33A-OP x 388. Note: AX is only available in some exit devices.,VO,622,,Von Duprin,Flat black,,80,"[77.0, 255.4, 537.1, 277.0]",
10,,False,,"80, 81",0.87,1,EA,Offset Pull,AP423-J-72” x 622 finish. Do not block emergency key override,TR,622,,,Flat black,,80,"[77.0, 280.8, 536.0, 302.2]",catalog_number
10,,False,,"80, 81",0.87,1,EA,I/C Cylinders (Rim or Mortise),20-057 or 20-061 (Rim or Mortise type & quantity as required by locking device x appropriate cam x blocking rings) as required per specifications,SC,622,,Schlage,Flat black,,80,"[77.0, 306.0, 536.5, 338.9]",
10,,False,,"80, 81",0.87,1,EA,Permanent Core,23-030,SC,622,,Schlage,Flat black,,80,"[77.0, 342.7, 536.5, 352.6]",
10,,False,,"80, 81",0.87,1,EA,Surface Closer,4050A parallel arm (installed push-side),LC,693,,,Black painted,,80,"[77.0, 356.5, 535.4, 366.4]",
10,,False,,"80, 81",0.87,1,EA,Stop,7281 (installed per 08 71 00.Part 3),TR,622,,,Flat black,,80,"[77.0, 370.3, 536.0, 380.2]",
10,,False,,"80, 81",0.87,1,EA,Seal,"Seals are to be furnished by aluminum door/frame manufacturer (head, jambs)",,,,,,,80,"[77.0, 384.0, 478.7, 405.4]",
10,,False,,"80, 81",0.87,1,EA,Door Bottom Sweep,202NDKB by NGP or approved equal,,,,,,,80,"[77.0, 409.3, 422.6, 419.2]",
10,,False,,"80, 81",0.87,1,EA,Terrace and/or roof Threshold,"#430E x RCE (wrap frame stops x beveled miter ends) by NGP approved equal: To prevent water intrusion under threshold, provide a full bead of mastic. At RCE corners. Install slanted 2% away from building per above specifications (Contractor to prepare sill accordingly to achieve). Provide NGP Shims: #BAR1 or #BAR2 or #BAR 4 as required so that the threshold does not bow under excessive pressure or weight (shims placed required)",,,,,,,80,"[77.0, 423.0, 536.6, 515.5]",
10,,False,,"80, 81",0.87,1,EA,Door Position Switches,#679-05-HM by Schlage (coordinate with security or electrical Divisions 26 and 28 and applicable Drawings),,,,,,,80,"[77.0, 519.2, 529.2, 540.7]",
10,,False,,"80, 81",0.87,1,EA,QEL Power Supply,"Furnish and install #1) single gang power drop located above or near door (not in corridor or public view, but above celling line where possible); #2) provide power supply #PS904 4 RL with 900-BB (battery backup for additional auto operator opening cycles when there is power loss); #3) run conduit from hinge through frame and complete wiring as required to meet manufacturer warranties",,,,,,,80,"[77.0, 544.5, 537.3, 623.5]",
10,,False,,"80, 81",0.87,1,EA,Coordination task for security and/or electrical design and additional non- Division 08 Section scope (including but not limited to wire / connectivity from ground or ceiling through frame to electrified hardware),"By security or electrical as required per Contract Documents: - The electrified hardware specified above can be utilized for #1) non-card reader, remote access control applications (unlocked / locked remotely for open during business hours / locked after-hours) and #2) local card readers at openings as directed by architectural drawings, security or electrical. - Coordinate with security or electrical Divisions 26 and 28 and applicable Drawings as hardware does not include card reader locations. Power supply for project 24VDC locks and electric strikes by Security",,,,,,,80,"[77.0, 627.2, 532.2, 710.2]",
10.1,,False,,81,0.89,1,EA,Continuous Hinge,Select manufacturing SL11-HD device (120 inch or length as required for door height) x black anodized x #ATW accessible through wire transfer. Different door thicknesses and frame dimensions will affect hinge type.,SE,BL,,,Black,,81,"[77.0, 187.0, 536.0, 242.9]",
10.1,,False,,81,0.89,1,EA,Rim Exit/Panic Device x Key Override,AX 33A-L x 360L x Longitude Lever. Note: AX is only available in some exit devices.,VO,622,,Von Duprin,Flat black,,81,"[77.0, 246.8, 537.1, 268.3]",
10.1,,False,,81,0.89,1,EA,I/C Cylinders (Rim or Mortise),20-057 or 20-061 (Rim or Mortise type & quantity as required by locking device x appropriate cam x blocking rings) as required per specifications,SC,622,,Schlage,Flat black,,81,"[77.0, 272.0, 536.5, 305.0]",
10.1,,False,,81,0.89,1,EA,Permanent Core,23-030,SC,622,,Schlage,Flat black,,81,"[77.0, 308.7, 536.5, 318.7]",
10.1,,False,,81,0.89,1,EA,Surface Closer,4050A parallel arm (installed push-side),LC,693,,,Black painted,,81,"[77.0, 322.5, 535.4, 332.5]",
10.1,,False,,81,0.89,1,EA,Stop,7281 (installed per 08 71 00.Part 3),TR,622,,,Flat black,,81,"[77.0, 336.2, 536.0, 346.1]",
10.1,,False,,81,0.89,1,EA,Seal,"Seals are to be furnished by aluminum door/frame manufacturer (head, jambs)",,,,,,,81,"[77.0, 350.0, 478.7, 371.5]",
10.1,,False,,81,0.89,1,EA,Door Bottom Sweep,202NDKB by NGP or approved equal,,,,,,,81,"[77.0, 375.2, 422.6, 385.1]",
10.1,,False,,81,0.89,1,EA,Terrace and/or roof Threshold,"#430E x RCE (wrap frame stops x beveled miter ends) by NGP approved equal: To prevent water intrusion under threshold, provide a full bead of mastic. At RCE corners. Install slanted 2% away from building per above specifications (Contractor to prepare sill accordingly to achieve). Provide NGP Shims: #BAR1 or #BAR2 or #BAR 4 as required so that the threshold does not bow under excessive pressure or weight (shims placed required)",,,,,,,81,"[77.0, 389.0, 536.6, 481.5]",
11,,False,,82,0.87,2,EA,Continuous Hinge,"Select manufacturing SL11-HD device (120 inch or length as required for door height) x black anodized. Different door thicknesses and frame dimensions will affect hinge type. Per specifications whether or not marked throughout all, verify for proper hinge type before submittals. Do not submit hinges until verified for correct hinge application per opening (means and methods with Select factory)",SE,BL,,,Black,,82,"[75.6, 89.7, 534.3, 180.3]",catalog_number
11,,False,,82,0.87,1,EA,Concealed Vertical Cable Exit/Panic Device x Key Override Note: AX is only available in some exit devices.,AX CD 3349A x 388 x LBL. The 3349 required here must be ordered from factory in exact lengths for door heights. Any variation will cause malfunction of cable device. Provide 5-pound force + correct sizes of devices in submittals (means and methods throughout by qualified door/hardware Vendor per part 08 71 00 Part 1+3),VO,622,,Von Duprin,Flat black,,82,"[75.6, 184.0, 535.4, 263.0]",catalog_number
11,,False,,82,0.87,1,EA,Concealed Vertical Cable Exit/Panic Device,AX CD 3349EO x LBL,VO,622,,Von Duprin,Flat black,,82,"[75.6, 266.7, 535.4, 288.2]",
11,,False,,82,0.87,2,EA,Offset Pull,AP423-J-72” x 622 finish. Do not block emergency key override,TR,622,,,Flat black,,82,"[75.6, 292.0, 534.3, 313.5]",catalog_number
11,,False,,82,0.87,3,EA,I/C Cylinders (Rim or Mortise),20-057 or 20-061 (Rim or Mortise type & quantity as required by locking device x appropriate cam x blocking rings) as required per specifications,SC,622,,Schlage,Flat black,,82,"[75.6, 317.2, 534.8, 350.2]",
11,,False,,82,0.87,3,EA,Permanent Core,23-030,SC,622,,Schlage,Flat black,,82,"[75.6, 354.0, 534.8, 363.9]",
11,,False,,82,0.87,1,EA,Closer,4050A x REG (installed pull-side of door),LC,693,,,Black painted,,82,"[75.6, 367.8, 533.7, 377.7]",
11,,False,,82,0.87,2,EA,Stop,7281 (installed per 08 71 00.Part 3),TR,622,,,Flat black,,82,"[75.6, 381.4, 534.3, 391.4]",
11,,False,,82,0.87,1,EA,Seal,"Seals are to be furnished by aluminum door/frame manufacturer (head, jambs, meeting stiles for pair doors)",,,,,,,82,"[75.6, 395.2, 529.9, 416.7]",
11,,False,,82,0.87,2,EA,Door Bottom Sweep,202NDKB by NGP or approved equal,,,,,,,82,"[75.6, 420.4, 412.1, 430.4]",
11,,False,,82,0.87,1,EA,Terrace and/or roof Threshold,"#430E x RCE (wrap frame stops x beveled miter ends) by NGP approved equal: To prevent water intrusion under threshold, provide a full bead of mastic. At RCE corners. Install slanted 2% away from building per above specifications",,,,,,,82,"[75.6, 434.2, 534.2, 467.2]",description
12,,False,,83,0.87,2,EA,Continuous Hinge,"Select manufacturing SL11-HD device (120 inch or length as required for door height) x black anodized. Different door thicknesses and frame dimensions will affect hinge type. Per specifications whether or not marked throughout all, verify for proper hinge type before submittals. Do not submit hinges until verified for correct hinge application per opening (means and methods with Select factory)",SE,BL,,,Black,,83,"[77.0, 89.7, 529.8, 180.3]",catalog_number
12,,False,,83,0.87,4,EA,Back-to-Back Offset Pull,AP423-___-60” x 622 finish. Do not block emergency key override,TR,622,,,Flat black,,83,"[77.0, 184.3, 529.9, 205.7]",catalog_number
12,,False,,83,0.87,1,EA,"Pair Doors Complete Locking, Deadbolt System",MS1850S x 4015 x 4016 x 4085 x Exterior Key x 4089 exit indicator x 335 Black Anodized,AD,335,,Adams Rite,Black anodized,,83,"[77.0, 209.7, 530.4, 242.7]",
12,,False,,83,0.87,2,EA,I/C Cylinders (Rim or Mortise),20-057 or 20-061 (Rim or Mortise type & quantity as required by locking device x appropriate cam x blocking rings) as required per specifications,SC,622,,Schlage,Flat black,,83,"[77.0, 276.1, 530.4, 309.1]",
12,,False,,83,0.87,2,EA,Permanent Core,23-030,SC,622,,Schlage,Flat black,,83,"[77.0, 312.8, 530.4, 322.7]",
12,,False,,83,0.87,2,EA,Closer x Stop Arm,4050A x CUSH,LC,693,,,Black painted,,83,"[77.0, 326.5, 529.3, 336.4]",
12,,False,,83,0.87,2,EA,Stop,7281 (installed per 08 71 00.Part 3),TR,622,,,Flat black,,83,"[77.0, 340.3, 529.9, 350.2]",
12,,False,,83,0.87,1,EA,Seal,"Seals by alum. door/frame manufacturer (head, jambs, and meeting stiles for no rain or water into the building), discuss overlapping astragal below if needed",,,,,,,83,"[77.0, 354.1, 496.0, 387.1]",
12,,False,,83,0.87,4,EA,Door Bottom (both sides),202NDKB by NGP or equal,,,,,,,83,"[77.0, 390.8, 354.2, 412.3]",
12,,False,,83,0.87,1,EA,Overlapping Astragal,158VDKB by NGP or approved seal manufacturer,,,,,,,83,"[77.0, 416.0, 453.6, 425.9]",
12,,False,,83,0.87,1,EA,Terrace Threshold,"#430 x RCE (wrap frame stops x beveled miter ends) by NGP approved equal: - To prevent water intrusion under threshold, provide a full bead of mastic. At RCE corners. Install slanted 2% away from building per above specifications (Contractor to prepare sill accordingly to achieve). - Provide NGP Shims: #BAR1 or #BAR2 or #BAR 4 as required so that the threshold does not bow under excessive pressure or weight (shims placed required).",,,,,,,83,"[77.0, 429.8, 526.2, 535.7]",catalog_number
12,,False,,83,0.87,1,EA,Overhead Rain Drip,#17DKB x FFW (fill frame width) by NGP,,,,,,,83,"[77.0, 561.6, 413.5, 571.5]",
13,,False,,84,0.89,,EA,Hinge,5BB1HW (size & quantity per 08 71 00),IV,622,,Ives,Flat black,,84,"[77.0, 89.5, 530.4, 99.4]",
13,,False,,84,0.89,1,EA,ANSI Grade 1 Mortise Body Classroom-Type Lockset with Lever,BASE Lever #6210SM x M505 x L/C in PVD #IXBSB satin black finish (picture example of lever is in a different finish),FR,,,,,,84,"[77.0, 103.3, 534.3, 147.8]",
13,,False,,84,0.89,1,EA,I/C Cylinders (Rim or Mortise),20-057 or 20-061 x appropriate cam x blocking rings as required (rim or mortise type and quantity as required by locking device),SC,622,,Schlage,Flat black,,84,"[77.0, 162.0, 534.8, 194.9]",
13,,False,,84,0.89,1,EA,Permanent Core,20-030,SC,622,,Schlage,Flat black,,84,"[77.0, 198.8, 534.8, 208.7]",
13,,False,,84,0.89,1,EA,Closer,4050A x REG (installed pull-side of door),LC,693,,,Black painted,,84,"[77.0, 212.5, 533.7, 222.4]",
13,,False,,84,0.89,1,EA,Kick Plate,"KO050 10"" tall x 2"" LDW (less door width) x B4E (beveled edges) x counter sunk or approved adhesive per 08 71 00.Part 2 (no raised fasteners)",TR,622,,,Flat black,,84,"[77.0, 226.3, 534.3, 259.3]",
13,,False,,84,0.89,1,EA,Wall Stop,1270CV,TR,622,,,Flat black,,84,"[77.0, 263.0, 534.3, 272.9]",
13,,False,,84,0.89,1,EA,Seals,5050B (head & jambs) by NGP,,,,,,,84,"[77.0, 276.8, 383.9, 286.7]",
13,,False,,84,0.89,1,EA,Door Bottom Sweep,202NDKB by NGP or approved equal,,,,,,,84,"[77.0, 290.5, 412.1, 300.4]",
13,,False,,84,0.89,1,EA,Threshold,Custom fully factory welded 2727Ax270A 10” wide offset or 2550A 10” flush condition (or per detail for flat of quarter inch offset sill detail) x wrap frame stops x beveled miter ends x mastic per specifications x by Pemko approved equal,,,,,,,84,"[77.0, 304.3, 537.1, 348.8]",
13.1,,False,,85,0.88,3,EA,Spring Hinges x Stop,K51M-450-B4 x Stops (size & quantity per 08 71 00) x Bright Chrome Finish (call Waterson for custom order),WA,625,,,Bright chrome,,85,"[77.0, 89.5, 537.0, 111.1]",
13.1,,False,,85,0.88,1,EA,Privacy Latch Body with Lever (privacy x occupancy indicator - exterior side lever left unlocked when room is vacant),"BASE Lever #6210SM x PVD #IXBSB satin black finish x M523 x ADA thumbturn H41 (manufacturer has two #s, but furnish/install the decorative thumbturn pictured to right) x EMTI emergency cointurn/slot override and occupancy indicator in 622 Matte Black Power Coat (picture example of Stefano lever only in different finish)",FR,,,,,,85,"[77.0, 114.8, 534.3, 205.3]",
13.1,,False,,85,0.88,1,EA,I/C Cylinders (Rim or Mortise),20-057 or 20-061 x appropriate cam x blocking rings as required (rim or mortise type and quantity as required by locking device),SC,622,,Schlage,Flat black,,85,"[77.0, 224.5, 534.8, 257.5]",
13.1,,False,,85,0.88,1,EA,Permanent Core,20-030,SC,622,,Schlage,Flat black,,85,"[77.0, 261.2, 534.8, 271.1]",
13.2,,False,,85,0.88,3,EA,Spring Hinges x Stop,K51M-450-B4 x Stops (size & quantity per 08 71 00) x Bright Chrome Finish (call Waterson for custom order),WA,625,,,Bright chrome,,85,"[77.0, 341.5, 537.0, 362.9]",
13.2,,False,,85,0.88,1,EA,Privacy Latch Body with Lever (privacy x occupancy indicator - exterior side lever left unlocked when room is vacant),"BASE Lever #6210SM x PVD #IXBSB satin black finish x M523 x ADA thumbturn H41 (manufacturer has two #s, but furnish/install the decorative thumbturn pictured to right) x EMTI emergency cointurn/slot override and occupancy indicator in 622 Matte Black Power Coat (picture example of Stefano lever only in different finish)",FR,,,,,,85,"[77.0, 366.8, 534.3, 457.3]",
13.2,,False,,85,0.88,1,EA,I/C Cylinders (Rim or Mortise),20-057 or 20-061 x appropriate cam x blocking rings as required (rim or mortise type and quantity as required by locking device),SC,622,,Schlage,Flat black,,85,"[77.0, 476.5, 534.8, 509.5]",
13.2,,False,,85,0.88,1,EA,Permanent Core,20-030,SC,622,,Schlage,Flat black,,85,"[77.0, 513.2, 534.8, 523.1]",
14,,False,,86,0.89,,EA,Hinge,5BB1HW (size & quantity per 08 71 00),IV,622,,Ives,Flat black,,86,"[77.0, 89.5, 530.4, 99.4]",
14,,False,,86,0.89,1,EA,Privacy Latch Body with Lever (privacy x occupancy indicator - exterior side lever left unlocked when room is vacant),"BASE Lever #6210SM x PVD #IXBSB satin black finish x M523 x ADA thumbturn H41 (manufacturer has two #s, but furnish/install the decorative thumbturn pictured to right) x EMTI emergency cointurn/slot override and occupancy indicator in 622 Matte Black Power Coat (picture example of Stefano lever only in different finish)",FR,,,,,,86,"[77.0, 103.3, 534.3, 193.7]",
14,,False,,86,0.89,1,EA,I/C Cylinders (Rim or Mortise),20-057 or 20-061 x appropriate cam x blocking rings as required (rim or mortise type and quantity as required by locking device),SC,622,,Schlage,Flat black,,86,"[77.0, 208.8, 534.8, 241.7]",
14,,False,,86,0.89,1,EA,Permanent Core,20-030,SC,622,,Schlage,Flat black,,86,"[77.0, 245.6, 534.8, 255.5]",
14,,False,,86,0.89,1,EA,Closer,4050A x REG (installed pull-side of door),LC,693,,,Black painted,,86,"[77.0, 259.3, 533.7, 269.2]",
14,,False,,86,0.89,1,EA,Kick Plate,"KO050 10"" tall x 2"" LDW (less door width) x B4E (beveled edges) x counter sunk or approved adhesive per 08 71 00.Part 2 (no raised fasteners)",TR,622,,,Flat black,,86,"[77.0, 273.1, 534.3, 306.1]",
14,,False,,86,0.89,1,EA,Wall Stop,1270CV,TR,622,,,Flat black,,86,"[77.0, 309.8, 534.3, 319.7]",
14,,False,,86,0.89,1,EA,Seals,5050B (head & jambs) by NGP,,,,,,,86,"[77.0, 323.6, 383.9, 333.5]",
14,,False,,86,0.89,1,EA,Door Bottom Sweep,202NDKB by NGP or approved equal,,,,,,,86,"[77.0, 337.3, 412.1, 347.2]",
14,,False,,86,0.89,1,EA,Threshold,Custom fully factory welded 2727Ax270A 10” wide offset or 2550A 10” flush condition (or per detail for flat of quarter inch offset sill detail) x wrap frame stops x beveled miter ends x mastic per specifications x by Pemko approved equal,,,,,,,86,"[77.0, 351.1, 537.0, 395.6]",
15,,False,,87,0.9,,EA,Hinge,5BB1 (size & quantity per 08 71 00),IV,622,,Ives,Flat black,,87,"[76.9, 89.7, 525.8, 99.7]",
15,,False,,87,0.9,1,EA,ANSI Grade 1 Mortise Body Storeroom-Type Lockset with Lever,BASE Lever #6210SM x PVD #IXBSB satin black finish x M507 x L/C in PVD #IXBSB satin black finish (picture example of lever is in a different finish),FR,,,,,,87,"[76.9, 103.8, 529.7, 148.3]",
15,,False,,87,0.9,1,EA,I/C Cylinders (Rim or Mortise),20-057 or 20-061 (Rim or Mortise type & quantity as required by locking device x appropriate cam x blocking rings) as required per specifications,SC,622,,Schlage,Flat black,,87,"[76.9, 161.4, 530.1, 194.3]",
15,,False,,87,0.9,1,EA,Permanent Core,23-030,SC,622,,Schlage,Flat black,,87,"[76.9, 198.1, 530.1, 208.0]",
15,,False,,87,0.9,1,EA,Closer,4050A x REG (pull-side),LC,693,,,Black painted,,87,"[76.9, 211.8, 529.1, 221.7]",
15,,False,,87,0.9,1,EA,Floor Stop,1214,TR,622,,,Flat black,,87,"[76.9, 225.6, 529.7, 235.5]",
15,,False,,87,0.9,1,EA,Seals,5050B seals (head & jambs) by NGP or approved seal,,,,,,,87,"[76.9, 239.2, 497.6, 249.2]",
15,,False,,87,0.9,1,EA,Door Bottom,202NDKB by NGP or equal,,,,,,,87,"[76.9, 253.0, 378.0, 263.0]",
15,,False,,87,0.9,1,EA,Aluminum Threshold,513DBK flush condition (flat quarter inch) x mastic x by NGP,,,,,,,87,"[76.9, 266.8, 524.2, 276.8]",
15.1,,False,,87,0.9,,EA,Hinge,5BB1 (size & quantity per 08 71 00),IV,622,,Ives,Flat black,,87,"[76.9, 347.1, 525.8, 357.1]",
15.1,,False,,87,0.9,1,EA,ANSI Grade 1 Mortise Body Storeroom-Type Lockset with Lever,BASE Lever #6210SM x PVD #IXBSB satin black finish x M507 x L/C in PVD #IXBSB satin black finish (picture example of lever is in a different finish),FR,,,,,,87,"[76.9, 361.0, 529.7, 405.5]",
15.1,,False,,87,0.9,1,EA,I/C Cylinders (Rim or Mortise),20-057 or 20-061 (Rim or Mortise type & quantity as required by locking device x appropriate cam x blocking rings) as required per specifications,SC,622,,Schlage,Flat black,,87,"[76.9, 417.1, 530.1, 450.1]",
15.1,,False,,87,0.9,1,EA,Permanent Core,23-030,SC,622,,Schlage,Flat black,,87,"[76.9, 453.8, 530.1, 463.7]",
15.1,,False,,87,0.9,1,EA,Closer x Stop Arm,4050A x CUSH,LC,693,,,Black painted,,87,"[76.9, 467.6, 529.1, 477.5]",
15.1,,False,,87,0.9,1,EA,Floor Stop,1214,TR,622,,,Flat black,,87,"[76.9, 481.3, 529.7, 491.2]",
15.1,,False,,87,0.9,1,EA,Seals,5050B seals (head & jambs) by NGP or approved seal,,,,,,,87,"[76.9, 495.1, 497.6, 505.0]",
15.1,,False,,87,0.9,1,EA,Door Bottom,202NDKB by NGP or equal,,,,,,,87,"[76.9, 508.9, 378.0, 518.8]",
15.1,,False,,87,0.9,1,EA,Aluminum Threshold,513DBK flush condition (flat quarter inch) x mastic x by NGP,,,,,,,87,"[76.9, 522.6, 524.2, 532.5]",
15.2,,False,,88,0.88,,EA,Hinge,5BB1HW (size & quantity per 08 71 00),IV,622,,Ives,Flat black,,88,"[76.9, 89.7, 525.8, 99.7]",
15.2,,False,,88,0.88,1,EA,ANSI Grade 1 Mortise Body Storeroom-Type Lockset with Lever,BASE Lever #6210SM x PVD #IXBSB satin black finish x M507 x L/C in PVD #IXBSB satin black finish (picture example of lever is in a different finish),FR,,,,,,88,"[76.9, 103.8, 529.7, 159.8]",
15.2,,False,,88,0.88,1,EA,I/C Cylinders (Rim or Mortise),20-057 or 20-061 (Rim or Mortise type & quantity as required by locking device x appropriate cam x blocking rings) as required per specifications,SC,622,,Schlage,Flat black,,88,"[76.9, 178.0, 530.1, 211.0]",
15.2,,False,,88,0.88,1,EA,Permanent Core,23-030,SC,622,,Schlage,Flat black,,88,"[76.9, 214.8, 530.1, 224.7]",
15.2,,False,,88,0.88,1,EA,Closer x Stop Arm,4050A x CUSH,LC,693,,,Black painted,,88,"[76.9, 228.4, 529.1, 238.4]",
15.2,,False,,88,0.88,1,EA,Kick Plate,"KO050 10"" tall x 2"" LDW (less door width) x B4E (beveled edges) x counter sunk or approved adhesive per 08 71 00.Part 2 (no raised fasteners)",TR,622,,,Flat black,,88,"[76.9, 242.2, 529.7, 275.2]",
15.2,,False,,88,0.88,1,EA,Floor Stop,1214,TR,622,,,Flat black,,88,"[76.9, 279.0, 529.7, 288.9]",
15.2,,False,,88,0.88,1,EA,Seals,5050B seals (head & jambs) by NGP or approved seal,,,,,,,88,"[76.9, 292.8, 497.6, 302.7]",
15.2,,False,,88,0.88,1,EA,Door Bottom,202NDKB by NGP or equal,,,,,,,88,"[76.9, 306.4, 378.0, 316.4]",
15.2,,False,,88,0.88,1,EA,Threshold – update at next print – final to be selected,"#430 x RCE (wrap frame stops x beveled miter ends) by NGP approved equal: - To prevent water intrusion under threshold, provide a full bead of mastic. At RCE corners. Install slanted 2% away from building per above specifications (Contractor to prepare sill accordingly to achieve). - Provide NGP Shims: #BAR1 or #BAR2 or #BAR 4 as required so that the threshold does not bow under excessive pressure or weight (shims placed required).",,,,,,,88,"[76.9, 320.2, 529.7, 426.3]",catalog_number
15.3,,False,,89,0.78,3,EA,"Fasteners Gate Hinges (note: ABH manufacturer has a duplicate of this hinge that could be welded, fasteners preferred, see specifications)",A561WT Hinge (with Spring) – 6”X6”- Up to 130 Degree Swing by ABH manufacturing special factory detail #SP-6449 - Fasteners,,,,,,,89,"[77.0, 89.7, 410.3, 157.3]",catalog_number
15.3,,False,,89,0.78,3,EA,"Gate Hinges (note: ABH manufacturer has a duplicate of this hinge that could be fastened with screws, see specifications)",A561WT Hinge (with Spring) – 6”X6”- Up to 130 Degree Swing by ABH manufacturing special factory detail #SP-6450 - Welded,,,,,,,89,"[77.0, 175.8, 403.7, 231.8]",catalog_number
15.3,,False,,89,0.78,1,EA,ANSI Grade 1 Mortise Body Passage Latchset x Lever,BASE Lever #6210SM x PVD #IXBSB satin black finish x M501 x L/C in PVD #IXBSB satin black,FR,,,,,,89,"[77.0, 264.9, 529.9, 286.4]","catalog_number, mfr"
15.3,,False,,89,0.78,1,EA,Overhead Stop,10 series (size -336 or as required by door width),RX,622,,,Flat black,,89,"[77.0, 290.1, 530.4, 300.1]","mfr, finish"
16,Western series 600 multi-slide,False,,89,0.79,2,EA,Back-to-Back Pulls,AP753 x 54” in concealed fasteners x 622 by Trimco manufacturing,,,,,,,89,"[77.0, 560.7, 372.0, 593.7]",catalog_number
16,Western series 600 multi-slide,False,,89,0.79,1,EA,I/C Cylinders (Rim or Mortise),20-057 or 20-061 (Rim or Mortise type & quantity as required by locking device x appropriate cam x blocking rings) as required per specifications,SC,622,,Schlage,Flat black,,89,"[77.0, 620.1, 521.4, 664.6]",catalog_number
16,Western series 600 multi-slide,False,,89,0.79,1,EA,Permanent Core,23-030,SC,622,,Schlage,Flat black,,89,"[77.0, 668.4, 521.4, 678.3]",
17,,False,,90,0.88,,EA,Hinge,5BB1HW (size & quantity per 08 71 00),IV,622,,Ives,Flat black,,90,"[76.9, 89.5, 508.0, 99.4]",
17,,False,,90,0.88,2,EA,Exit Device,AX 9949EO-F,VO,622,,Von Duprin,Flat black,,90,"[76.9, 103.3, 512.9, 113.2]",
17,,False,,90,0.88,2,EA,Closer,4050A parallel arm (installed push-side),LC,693,,,Black painted,,90,"[76.9, 117.0, 511.3, 126.9]",
17,,False,,90,0.88,2,EA,Kick Plate,"KO050 10” tall x 2"" LDW (less door width) x B4E (beveled edges) x counter sunk or approved adhesive per 08 71 00.Part 2 (no raised fasteners)",TR,630,,,Satin stainless steel,,90,"[76.9, 130.8, 511.9, 163.7]",
17,,False,,90,0.88,2,EA,Floor Stop,1214,TR,622,,,Flat black,,90,"[76.9, 167.5, 511.9, 177.4]",
17,,False,,90,0.88,1,EA,Seals,5050B seals (head & jambs) by NGP,,,,,,,90,"[76.9, 181.3, 392.0, 191.2]",
17,,False,,90,0.88,1,EA,Overlapping Astragal,158VDKB by NGP or approved seal manufacturer,,,,,,,90,"[76.9, 195.0, 387.4, 216.5]",
17,,False,,90,0.88,2,EA,Door Bottom,202NDKB by NGP or equal,,,,,,,90,"[76.9, 225.2, 349.7, 235.1]",
17,,False,,90,0.88,1,EA,Threshold,"#430 x RCE (wrap frame stops x beveled miter ends) by NGP approved equal: - To prevent water intrusion under threshold, provide a full bead of mastic. At RCE corners. Install slanted 2% away from building per above specifications (Contractor to prepare sill accordingly to achieve). - Provide NGP Shims: #BAR1 or #BAR2 or #BAR 4 as required so that the threshold does not bow under excessive pressure or weight (shims placed required)",,,,,,,90,"[76.9, 239.0, 513.7, 347.7]",
17,,False,,90,0.88,2,EA,"Door Position Switches (also known as Alarm Contacts, Door Contacts)","#679-05-WD or #679-05-HM (as required per door material) by Schlage, coordinate door & frame preparation/templates (see Divisions 26 and 28 and applicable drawings).",,,,,,,90,"[76.9, 352.4, 506.5, 396.9]",
17,,False,,90,0.88,1,EA,Power Supply,"Furnish and install #1) single gang power drop located above or near door (not in corridor or public view, but above celling line where possible); #2) provide power supply #PS902 by Schlage; #3) run conduit from hinge through frame and complete wiring as required to meet manufacturer warranties",,,,,,,90,"[76.9, 400.6, 510.3, 456.5]",
17,,False,,90,0.88,1,EA,Coordination task for security and/or electrical design and additional non- Division 08 Section scope (including but not limited to wire / connectivity from ceiling through frame to electrified hardware),"By security or electrical as required per Contract Documents: This is an annunciated alarm door only. The door position switch will tell security if the doors are opened without a card read. When non-Div. 08 wall card reader is used the alarm will not sound, but if occupant opens doors without the card reader, non-Div. 08 alarm will sound Coordinate with security or electrical Divisions 26 and 28 and applicable drawings as hardware does not include card reader locations.",,,,,,,90,"[76.9, 460.4, 513.6, 585.3]",
18,,False,,91,0.92,,EA,Hinges,5BB1 (size & quantity per 08 71 00),IV,622,,Ives,Flat black,,91,"[76.9, 89.5, 508.0, 99.4]",
18,,False,,91,0.92,1,EA,Fire Rated Rim Exit/Panic with Lever,AX RX 99L-F x 996L (key override) x #Longitude Lever,VO,622,,Von Duprin,Flat black,,91,"[76.9, 103.3, 512.9, 124.7]",
18,,False,,91,0.92,1,EA,I/C Cylinders (Rim or Mortise),20-057 or 20-061 x appropriate cam x blocking rings as required (rim or mortise type and quantity as required by locking device),SC,622,,Schlage,Flat black,,91,"[76.9, 128.5, 512.4, 161.5]",
18,,False,,91,0.92,1,EA,Permanent Core,20-030,SC,622,,Schlage,Flat black,,91,"[76.9, 165.2, 512.4, 175.1]",
18,,False,,91,0.92,1,EA,Closer x Stop Arm,4050A x CUSH,LC,693,,,Black painted,,91,"[76.9, 179.0, 511.3, 188.9]",
18,,False,,91,0.92,1,EA,Seals,5050B seals (head & jambs) by NGP or approved seal,,,,,,,91,"[76.9, 192.8, 482.7, 202.7]",
18,,False,,91,0.92,1,EA,Door Bottom,202NDKB by NGP or equal,,,,,,,91,"[76.9, 206.5, 363.2, 216.4]",
18,,False,,91,0.92,1,EA,Threshold,413 x mastic per specifications x by NGP approved equal,,,,,,,91,"[76.9, 220.3, 495.4, 230.2]",
19,,False,,"92, 93",0.88,,EA,Continuous Hinge Electrified Wire Transfer,"Select manufacturing SL11-HD device (120 inch or length as required for door height) x black anodized x #ATW accessible through wire transfer. Different door thicknesses and frame dimensions will affect hinge type. Per specifications whether or not marked throughout all, verify for proper hinge type before submittals. Do not submit hinges until verified for correct hinge application per opening (means and methods with Select factory). For all other pre-approved aluminum hinge manufacturer this hinge must be pre- templated at the factory to use the Securitron or equal power transfer below.",SE,BL,,,Black,,92,"[76.9, 89.5, 511.8, 248.9]",catalog_number
19,,False,,"92, 93",0.88,1,EA,Storeroom-Type Lockset Electrified Fail-Safe Lever (passage without power),L9095T EL x Longitude Lever x A Rose (Fail-safe -coordinate with FLS or fire/smoke alarm to drop power to exterior lever and make doors passage in both directions in case of power loss or building emergency),SC,622,,Schlage,Flat black,,92,"[76.9, 252.7, 512.4, 308.7]",
19,,False,,"92, 93",0.88,2,EA,Cylinders (Rim or Mortise),20-057 or 20-061 x appropriate cam x blocking rings as required (rim or mortise type and quantity as required by locking device),SC,622,,Schlage,Flat black,,92,"[76.9, 312.4, 512.4, 345.5]",
19,,False,,"92, 93",0.88,2,EA,Permanent Core,20-030,SC,622,,Schlage,Flat black,,92,"[76.9, 349.3, 512.4, 359.2]",
19,,False,,"92, 93",0.88,1,EA,Surface Closer,4050A x REG (installed pull-side),LC,693,,,Black painted,,92,"[76.9, 363.0, 511.3, 372.9]",
19,,False,,"92, 93",0.88,1,EA,Seals,By manufacturer or 5050B seals (head & jambs) by NGP or approved seal,,,,,,,92,"[76.9, 376.8, 504.8, 398.2]",
19,,False,,"92, 93",0.88,2,EA,Door Bottom,202NDKB at both sides of doors by NGP or equal,,,,,,,92,"[76.9, 402.0, 461.6, 411.9]",
19,,False,,"92, 93",0.88,1,EA,Threshold,"#430 x RCE (wrap frame stops x beveled miter ends) by NGP approved equal: - To prevent water intrusion under threshold, provide a full bead of mastic. At RCE corners. Install slanted 2% away from building per above specifications (Contractor to prepare sill accordingly to achieve). Provide NGP Shims: #BAR1 or #BAR2 or #BAR 4 as required so that the threshold does not bow under excessive pressure or weight (shims placed required)",,,,,,,92,"[76.9, 415.8, 509.4, 521.7]",
19,,False,,"92, 93",0.88,1,EA,Overhead Rain Drip,Provide #17DKB x FFW (fill frame width) by NGP,,,,,,,92,"[76.9, 537.4, 459.3, 547.4]",
19,,False,,"92, 93",0.88,1,EA,Door Position Switches,#679-05-HM by Schlage manufacturing (see Divisions 26 and 28 and applicable drawings),,,,,,,92,"[76.9, 551.2, 494.9, 572.7]",
19,,False,,"92, 93",0.88,1,EA,Power Supply,"Furnish and install #1) single gang power drop located above or near door (not in corridor or public view, but above celling line where possible); #2) provide power supply # PS902 x 900FA fire alarm drop input; #3) run conduit from hinge through frame and complete wiring as required to meet manufacturer warranties",,,,,,,92,"[76.9, 576.4, 512.0, 655.5]",
19,,False,,"92, 93",0.88,1,EA,FLS (Fire/Life Safety) Connectivity Task,"Throughout project, whether or not specified, Contractor to provide the following non-08 71 00 task: At fire & smoke rated opening, in event of fire/smoke: electrified fail-safe levers to become non-electrified (drop power to lever and make doors passage in both directions in case of power loss or building emergency).",,,,,,,92,"[76.9, 660.9, 501.0, 705.4]",
19,,False,,"92, 93",0.88,1,EA,Coordination task for security and/or electrical design and additional non-Division 08 Section scope (including but not limited to wire / connectivity from ground or ceiling through frame to electrified hardware),"By security or electrical as required per Contract Documents: The electrified hardware specified above can be utilized for #1) non-card reader, remote access control applications (unlocked / locked remotely for open during business hours / locked after-hours) and #2) local card readers at openings as directed by architectural drawings, security or electrical. Coordinate with security or electrical Divisions 25-28 and applicable drawings as hardware does not include card reader locations.",,,,,,,93,"[76.9, 101.2, 512.1, 207.3]",
20,,False,,93,0.86,2,SET,Door Rail Long Throw Lock s and Dustproof Keeper Without Mounting Plate,Device #R777SL Frameless Hardware x #DPS1BS https://fhc-usa.com/dps1bs x without mounting plate,FH,613,,,Oil-rubbed bronze,,93,"[77.0, 277.5, 527.0, 322.0]",description
20,,False,,93,0.86,4,EA,Back-to-Back Offset Pulls,AP423-___-60” x 622 finish. Do not block emergency key override,TR,622,,,Flat black,,93,"[77.0, 340.6, 527.0, 362.1]",catalog_number
20,,False,,93,0.86,1,EA,I/C Cylinders (Rim or Mortise),20-057 or 20-061 (Rim or Mortise type & quantity as required by locking device x appropriate cam x blocking rings) as required per specifications,SC,622,,Schlage,Flat black,,93,"[77.0, 365.8, 527.5, 398.8]",
20,,False,,93,0.86,1,EA,Permanent Core,20-030,SC,622,,Schlage,Flat black,,93,"[77.0, 402.6, 527.5, 412.5]",
20,,False,,93,0.86,1,EA,Stops (installed only after punch walk/substantial completion),"7281. After door is opened as far as possible without damaging hanging devices or pivots, install stop as far away from wall as possible without being a tripping hazard (verify in field with design team before final installation locations).",TR,622,,,Flat black,,93,"[77.0, 416.4, 527.0, 472.4]",
20,,False,,93,0.86,1,SET,Seals,"If stile and rail door type allows furnish at head, jambs and meeting sties to prevent water penetration into building envelope – seals furnished by door or frame manufacturer – final to be selected",,,,,,,93,"[77.0, 476.1, 522.1, 520.6]",
21,,False,,94,0.86,1,SET,Door Rail Long Throw Lock and Dustproof Keeper Without Mounting Plate,Device #R777SL Frameless Hardware x #DPS1BS https://fhc-usa.com/dps1bs x without mounting plate,FH,613,,,Oil-rubbed bronze,,94,"[77.0, 89.5, 527.0, 134.0]",description
21,,False,,94,0.86,2,EA,Back-to-Back Offset Pulls,AP423-___-60” x 622 finish. Do not block emergency key override,TR,622,,,Flat black,,94,"[77.0, 152.6, 527.0, 174.1]",catalog_number
21,,False,,94,0.86,1,EA,I/C Cylinders (Rim or Mortise),20-057 or 20-061 (Rim or Mortise type & quantity as required by locking device x appropriate cam x blocking rings) as required per specifications,SC,622,,Schlage,Flat black,,94,"[77.0, 177.8, 527.5, 210.9]",
21,,False,,94,0.86,1,EA,Permanent Core,20-030,SC,622,,Schlage,Flat black,,94,"[77.0, 214.6, 527.5, 224.6]",
21,,False,,94,0.86,1,EA,Stops (installed only after punch walk/substantial completion),"7281. After door is opened as far as possible without damaging hanging devices or pivots, install stop as far away from wall as possible without being a tripping hazard (verify in field with design team before final installation locations).",TR,622,,,Flat black,,94,"[77.0, 228.3, 527.0, 284.3]",
21,,False,,94,0.86,1,SET,Seals,If stile and rail door type allows furnish at head and jambs to prevent water penetration into building envelope – seals furnished by door or frame manufacturer – final to be selected,,,,,,,94,"[77.0, 288.1, 522.6, 332.6]",
21.1,,False,,95,0.9,,EA,Hinges,5BB1HW (size & quantity per 08 71 00),IV,622,,Ives,Flat black,,95,"[76.9, 89.5, 508.0, 99.4]",
21.1,,False,,95,0.9,1,EA,Rim Exit/Panic Device x Keyn Override,AX 99L-F x 110NL-MD prepared and coordinated with Pull – delete -F on non-rated doors,VO,622,,Von Duprin,Flat black,,95,"[76.9, 103.3, 512.9, 124.7]",
21.1,,False,,95,0.9,1,EA,Anti-Vandal Pulls,VR910NL series (coordinate with 99L-NL-F x 110NL),IV,630,,Ives,Satin stainless steel,,95,"[76.9, 128.5, 508.0, 149.9]",
21.1,,False,,95,0.9,1,EA,I/C Cylinders (Rim or Mortise),20-057 or 20-061 x appropriate cam x blocking rings as required (rim or mortise type and quantity as required by locking device),SC,622,,Schlage,Flat black,,95,"[76.9, 153.8, 512.4, 186.8]",
21.1,,False,,95,0.9,1,EA,Permanent Core,20-030,SC,622,,Schlage,Flat black,,95,"[76.9, 190.5, 512.4, 200.5]",
21.1,,False,,95,0.9,1,EA,Closer x Stop Arm,4050A x CUSH,LC,693,,,Black painted,,95,"[76.9, 204.2, 511.3, 214.1]",
21.1,,False,,95,0.9,1,EA,Kick Plate,"KO050 10"" tall x 2"" LDW (less door width) x B4E (beveled edges) x counter sunk or approved adhesive per 08 71 00.Part 2 (no raised fasteners)",TR,630,,,Satin stainless steel,,95,"[76.9, 218.0, 511.9, 251.0]",
21.1,,False,,95,0.9,1,EA,Auxiliary Floor Stop,1214,TR,622,,,Flat black,,95,"[76.9, 254.7, 511.9, 264.7]",
21.1,,False,,95,0.9,1,EA,Seals,5050B seals (head & jambs) by NGP or approved seal,,,,,,,95,"[76.9, 268.5, 473.7, 278.5]",
21.1,,False,,95,0.9,1,EA,Door Bottom,202NDKB by NGP or equal,,,,,,,95,"[76.9, 282.2, 354.2, 292.1]",
21.1,,False,,95,0.9,1,EA,Aluminum Threshold,"427DKB flush condition or 659DKB offset as required per sill condition (7” flat or quarter inch offset sill, coordinate before submittals) x wrap frame stops x beveled miter ends x mastic x by NGP or equal",,,,,,,95,"[76.9, 296.0, 510.8, 340.5]",
21.1,,False,,95,0.9,1,EA,Overhead Rain Drip,Provide #17DKB x FFW (fill frame width) by NGP,,,,,,,95,"[76.9, 344.2, 450.3, 354.2]",
22,,True,,95,0.9,,,,,,,,,,,,,
23,,False,,95,0.64,1,EA,I/C Cylinders (Rim or Mortise),20-057 or 20-061 x appropriate cam x blocking rings as required (rim or mortise type and quantity as required by locking device),,622 SC,,,,,95,"[77.0, 453.9, 507.8, 487.0]","catalog_number, mfr, finish"
23,,False,,95,0.64,1,EA,Permanent Core,20-030,,622 SC,,,,,95,"[77.0, 490.8, 507.8, 500.7]","mfr, finish"
24,,False,,96,0.63,1,EA,Surface Vertical Rod Exit/Panic Device – Exit Only Function (no pull or key – use adjacent doors to enter space),"AX 3327A-EO x LBR (as required by Nana Door sliding locking device, verify with Nana-door manufacturer before submittals)",,622 VO,,,,,96,"[77.0, 89.5, 508.5, 134.0]","catalog_number, mfr, finish"
24,,False,,96,0.63,1,EA,Exit/Panic Device Cylinder- Dog Feature Primus I/C Cylinders (Rim or Mortise),20-057 or 20-061 x appropriate cam x blocking rings as required (rim or mortise type and quantity as required by locking device),,622 SC,,,,,96,"[77.0, 137.7, 507.9, 182.2]","catalog_number, mfr, finish"
24,,False,,96,0.63,1,EA,Permanent Core,20-030,,622 SC,,,,,96,"[77.0, 186.0, 507.9, 195.9]","mfr, finish"
25,,False,,97,0.87,2,EA,Continuous Hinge,"Select manufacturing SL11-HD device (120 inch or length as required for door height) x black anodized. Different door thicknesses and frame dimensions will affect hinge type. Per specifications whether or not marked throughout all, verify for proper hinge type before submittals. Do not submit hinges until verified for correct hinge application per opening (means and methods with Select factory)",SE,BL,,,Black,,97,"[77.0, 89.7, 529.8, 180.3]",catalog_number
25,,False,,97,0.87,4,EA,Back-to-Back Offset Pulls,AP423-___-60” x 622 finish. Do not block emergency key override,TR,622,,,Flat black,,97,"[77.0, 184.3, 529.9, 205.7]",catalog_number
25,,False,,97,0.87,1,EA,"Pair Doors Complete Locking, Deadbolt System",MS1850S x 4015 x 4016 x 4085 x Exterior Key x 4089 exit indicator x 335 Black Anodized,AD,335,,Adams Rite,Black anodized,,97,"[77.0, 209.7, 530.4, 242.7]",
25,,False,,97,0.87,2,EA,I/C Cylinders (Rim or Mortise),20-057 or 20-061 (Rim or Mortise type & quantity as required by locking device x appropriate cam x blocking rings) as required per specifications,SC,622,,Schlage,Flat black,,97,"[77.0, 276.1, 530.4, 309.1]",
25,,False,,97,0.87,2,EA,Permanent Core,23-030,SC,622,,Schlage,Flat black,,97,"[77.0, 312.8, 530.4, 322.7]",
25,,False,,97,0.87,2,EA,Closer x Stop and Hold-Open Arms,4050A x CUSH H (with hold-open feature built in to hold at 90-degrees),LC,693,,,Black painted,,97,"[77.0, 326.5, 529.3, 348.1]",
25,,False,,97,0.87,1,EA,Seal,"Seals by alum. door/frame manufacturer (head, jambs, and meeting stiles for no rain or water into the building), discuss overlapping astragal below if needed",,,,,,,97,"[77.0, 351.8, 496.0, 384.8]",
25,,False,,97,0.87,4,EA,Door Bottom,202NDKB by NGP or equal (install at both sides),,,,,,,97,"[77.0, 388.5, 448.6, 398.5]",
25,,False,,97,0.87,1,EA,Terrace Threshold,"#430 x RCE (wrap frame stops x beveled miter ends) by NGP approved equal: - To prevent water intrusion under threshold, provide a full bead of mastic. At RCE corners. Install slanted 2% away from building per above specifications (Contractor to prepare sill accordingly to achieve). - Provide NGP Shims: #BAR1 or #BAR2 or #BAR 4 as required so that the threshold does not bow under excessive pressure or weight (shims placed required).",,,,,,,97,"[77.0, 402.3, 526.2, 508.3]",catalog_number
25,,False,,97,0.87,1,EA,Overhead Rain Drip,#17DKB x FFW (fill frame width) by NGP,,,,,,,97,"[77.0, 534.1, 413.5, 544.0]",
26,,False,,98,0.87,2,EA,Continuous Hinge,"Select manufacturing SL11-HD device (120 inch or length as required for door height) x black anodized. Different door thicknesses and frame dimensions will affect hinge type. Per specifications whether or not marked throughout all, verify for proper hinge type before submittals. Do not submit hinges until verified for correct hinge application per opening (means and methods with Select factory)",SE,BL,,,Black,,98,"[77.0, 89.7, 529.8, 180.3]",catalog_number
26,,False,,98,0.87,4,EA,Back-to-Back Offset Pulls,AP423-___-60” x 622 finish. Do not block emergency key override,TR,622,,,Flat black,,98,"[77.0, 184.3, 529.9, 205.7]",catalog_number
26,,False,,98,0.87,1,EA,"Pair Doors Complete Locking, Deadbolt System",MS1850S x 4015 x 4016 x 4085 x Exterior Key x 4089 exit indicator x 335 Black Anodized,AD,335,,Adams Rite,Black anodized,,98,"[77.0, 209.7, 530.4, 242.7]",
26,,False,,98,0.87,2,EA,I/C Cylinders (Rim or Mortise),20-057 or 20-061 (Rim or Mortise type & quantity as required by locking device x appropriate cam x blocking rings) as required per specifications,SC,622,,Schlage,Flat black,,98,"[77.0, 364.6, 530.4, 397.7]",
26,,False,,98,0.87,2,EA,Permanent Core,23-030,SC,622,,Schlage,Flat black,,98,"[77.0, 401.5, 530.4, 411.4]",
26,,False,,98,0.87,2,EA,Closer x Stop,4050A x CUSH,LC,693,,,Black painted,,98,"[77.0, 415.2, 529.3, 425.1]",
26,,False,,98,0.87,1,EA,Seal,"Seals by alum. door/frame manufacturer (head, jambs, and meeting stiles for no rain or water into the building), discuss overlapping astragal below if needed",,,,,,,98,"[77.0, 429.0, 496.0, 461.9]",
26,,False,,98,0.87,4,EA,Door Bottom,202NDKB by NGP or equal (install at both sides),,,,,,,98,"[77.0, 465.7, 448.6, 475.6]",
26,,False,,98,0.87,1,EA,Terrace Threshold,"#430 x RCE (wrap frame stops x beveled miter ends) by NGP approved equal: - To prevent water intrusion under threshold, provide a full bead of mastic. At RCE corners. Install slanted 2% away from building per above specifications (Contractor to prepare sill accordingly to achieve). - Provide NGP Shims: #BAR1 or #BAR2 or #BAR 4 as required so that the threshold does not bow under excessive pressure or weight (shims placed required).",,,,,,,98,"[77.0, 479.5, 526.2, 585.4]",catalog_number
26,,False,,98,0.87,1,EA,Overhead Rain Drip,#17DKB x FFW (fill frame width) by NGP,,,,,,,98,"[77.0, 611.1, 413.5, 621.1]",
27,final to be selected,False,,99,0.9,1,KIT,"Complete Kit for Pair Doors – 4 Total Leafs working together by Richard Wilcox Hardware | 600 South Lake Street | Aurora, Illinois 60506 Phone 800-253- 5668 | https://rwhardw are.com/company/ m ail@richardswilcox.co m or equal","Basis of design: #No. 434 x weatherstrip No. 216 Astragal x No. 216 weathersweep is used along the bottom of the doors = complete kit (see door schedule and plans, provide correct length and sizes of devices in submittals and shop drawings (means and methods throughout by qualified door/hardware Vendor per part 087100 Part 1 and 3)): Slide-Fold Hardware Kits are used on large manually operated door applications which require the door panels to slide-fold to each jamb, leaving a clear opening. The 434 slide-fold hardware is available in two sizes for maximum 18’- 0” wide openings and total door weights up to 5,000 lbs",,,,,,,99,"[76.9, 89.5, 534.8, 230.0]",description
27,final to be selected,False,,99,0.9,2,EA,Lockable Canebolt- Type Devices,"0524PL and/or part #0000478 x 24”x black zinc x Stainless Steel Ground Receiver/Strike. Per example picture above x Crown Industrial, South San Francisco, CA; (650) 952-5150; http://www.crown-industrial.com/, or accepted equal",,,,,,,99,"[76.9, 378.2, 477.0, 434.2]",catalog_number
27,final to be selected,False,,99,0.9,2,EA,Canebolt Padlock,KS43F320 (2” inch shackle per above to not inhibit free egress),,,,,,,99,"[76.9, 438.0, 477.1, 459.5]",
27,final to be selected,False,,99,0.9,2,EA,Canebolt Permanent Core,80-037,SC,613,,Schlage,Oil-rubbed bronze,,99,"[76.9, 463.3, 530.1, 484.7]",
27,final to be selected,False,,99,0.9,1,EA,"Complete Locking, Hookbolt/ Deadbolt System (double keyed)","MS1850S-X5X double keyed hookbolt (manufacturer states: Hookbolt measures 5/8""x 1-3/8"" [15.9 mm x 34.9 mm] with 13/16"" [20.6 mm] throw. Hook shaped bolt repels pry bar attempts to “spread” the door from its jamb or lift it off its track) x 335 Black Anodized – see https://content.assaabloyusa.com/doc/AADSS1056147 &.pdf",AD,,,Adams Rite,,,99,"[76.9, 488.5, 530.1, 578.9]",
27,final to be selected,False,,99,0.9,2,EA,MS1850S-X5X Cylinder,20-057 or 20-061 (Rim or Mortise type & quantity as required by locking device x appropriate cam x blocking rings) as required per specifications,SC,622,,Schlage,Flat black,,99,"[76.9, 582.7, 530.1, 615.8]",
27,final to be selected,False,,99,0.9,2,EA,MS1850S-X5X Core,23-030,SC,622,,Schlage,Flat black,,99,"[76.9, 619.5, 530.1, 629.5]",
27,final to be selected,False,,99,0.9,1,EA,Seal,5050B (head and jambs) by NGP or approved equal,,,,,,,99,"[76.9, 633.2, 463.6, 643.1]",
28,,False,,100,0.89,,EA,Hinge,5BB1HW (size & quantity per 08 71 00),IV,622,,Ives,Flat black,,100,"[77.0, 89.7, 526.0, 99.7]",
28,,False,,100,0.89,1,EA,Rim Exit/Panic Device with Lever,"AX RX 99L-F x 996L (key override) x #Longitude Lever, delete -F if not rated",VO,622,,Von Duprin,Flat black,,100,"[77.0, 103.8, 530.9, 125.2]",
28,,False,,100,0.89,1,EA,I/C Cylinders (Rim or Mortise),20-057 or 20-061 (Rim or Mortise type & quantity as required by locking device x appropriate cam x blocking rings) as required per specifications,SC,622,,Schlage,Flat black,,100,"[77.0, 129.0, 530.4, 161.9]",
28,,False,,100,0.89,1,EA,Permanent Core,23-030,SC,622,,Schlage,Flat black,,100,"[77.0, 165.8, 530.4, 175.7]",
28,,False,,100,0.89,1,EA,Surface Closer,"4050A (whether or not marked throughout all headings, per specifications verify closers will be installed in non- corridor/non-public view sides of doors)",LC,693,,,Black painted,,100,"[77.0, 179.5, 529.3, 212.5]",
28,,False,,100,0.89,1,EA,Kick Plate – final to be selected,"KO050 10"" tall x 2"" LDW (less door width) x B4E (beveled edges) x counter sunk or approved adhesive per 08 71 00.Part 2 (no raised fasteners)",TR,622,,,Flat black,,100,"[77.0, 216.2, 529.9, 249.3]",
28,,False,,100,0.89,1,EA,Stop,1214 (installed per 08 71 00.Part 3),TR,622,,,Flat black,,100,"[77.0, 253.0, 529.9, 263.0]",
28,,False,,100,0.89,1,EA,Seals,5050B seals (head & jambs) by NGP or approved seal,,,,,,,100,"[77.0, 266.7, 473.7, 276.7]",
28,,False,,100,0.89,1,EA,Door Bottom,202NDKB by NGP or equal,,,,,,,100,"[77.0, 280.5, 354.2, 290.5]",
28,,False,,100,0.89,1,EA,Terrace Threshold,"#430 x RCE (wrap frame stops x beveled miter ends) by NGP approved equal: - To prevent water intrusion under threshold, provide a full bead of mastic. At RCE corners. Install slanted 2% away from building per above specifications (Contractor to prepare sill accordingly to achieve). - Provide NGP Shims: #BAR1 or #BAR2 or #BAR 4 as required so that the threshold does not bow under excessive pressure or weight (shims placed required).",,,,,,,100,"[77.0, 294.2, 526.2, 400.3]",catalog_number
29,,False,,100,0.89,,EA,Hinge,5BB1HW (size & quantity per 08 71 00),IV,622,,Ives,Flat black,,100,"[77.0, 89.7, 526.0, 99.7]",
29,,False,,100,0.89,1,EA,Rim Exit/Panic Device with Lever,"AX RX 99L-F x 996L (key override) x #Longitude Lever, delete -F if not rated",VO,622,,Von Duprin,Flat black,,100,"[77.0, 103.8, 530.9, 125.2]",
29,,False,,100,0.89,1,EA,I/C Cylinders (Rim or Mortise),20-057 or 20-061 (Rim or Mortise type & quantity as required by locking device x appropriate cam x blocking rings) as required per specifications,SC,622,,Schlage,Flat black,,100,"[77.0, 129.0, 530.4, 161.9]",
29,,False,,100,0.89,1,EA,Permanent Core,23-030,SC,622,,Schlage,Flat black,,100,"[77.0, 165.8, 530.4, 175.7]",
29,,False,,100,0.89,1,EA,Surface Closer,"4050A (whether or not marked throughout all headings, per specifications verify closers will be installed in non- corridor/non-public view sides of doors)",LC,693,,,Black painted,,100,"[77.0, 179.5, 529.3, 212.5]",
29,,False,,100,0.89,1,EA,Kick Plate – final to be selected,"KO050 10"" tall x 2"" LDW (less door width) x B4E (beveled edges) x counter sunk or approved adhesive per 08 71 00.Part 2 (no raised fasteners)",TR,622,,,Flat black,,100,"[77.0, 216.2, 529.9, 249.3]",
29,,False,,100,0.89,1,EA,Stop,1214 (installed per 08 71 00.Part 3),TR,622,,,Flat black,,100,"[77.0, 253.0, 529.9, 263.0]",
29,,False,,100,0.89,1,EA,Seals,5050B seals (head & jambs) by NGP or approved seal,,,,,,,100,"[77.0, 266.7, 473.7, 276.7]",
29,,False,,100,0.89,1,EA,Door Bottom,202NDKB by NGP or equal,,,,,,,100,"[77.0, 280.5, 354.2, 290.5]",
29,,False,,100,0.89,1,EA,Terrace Threshold,"#430 x RCE (wrap frame stops x beveled miter ends) by NGP approved equal: - To prevent water intrusion under threshold, provide a full bead of mastic. At RCE corners. Install slanted 2% away from building per above specifications (Contractor to prepare sill accordingly to achieve). - Provide NGP Shims: #BAR1 or #BAR2 or #BAR 4 as required so that the threshold does not bow under excessive pressure or weight (shims placed required).",,,,,,,100,"[77.0, 294.2, 526.2, 400.3]",catalog_number
30,,False,,100,0.89,,EA,Hinge,5BB1HW (size & quantity per 08 71 00),IV,622,,Ives,Flat black,,100,"[77.0, 89.7, 526.0, 99.7]",
30,,False,,100,0.89,1,EA,Rim Exit/Panic Device with Lever,"AX RX 99L-F x 996L (key override) x #Longitude Lever, delete -F if not rated",VO,622,,Von Duprin,Flat black,,100,"[77.0, 103.8, 530.9, 125.2]",
30,,False,,100,0.89,1,EA,I/C Cylinders (Rim or Mortise),20-057 or 20-061 (Rim or Mortise type & quantity as required by locking device x appropriate cam x blocking rings) as required per specifications,SC,622,,Schlage,Flat black,,100,"[77.0, 129.0, 530.4, 161.9]",
30,,False,,100,0.89,1,EA,Permanent Core,23-030,SC,622,,Schlage,Flat black,,100,"[77.0, 165.8, 530.4, 175.7]",
30,,False,,100,0.89,1,EA,Surface Closer,"4050A (whether or not marked throughout all headings, per specifications verify closers will be installed in non- corridor/non-public view sides of doors)",LC,693,,,Black painted,,100,"[77.0, 179.5, 529.3, 212.5]",
30,,False,,100,0.89,1,EA,Kick Plate – final to be selected,"KO050 10"" tall x 2"" LDW (less door width) x B4E (beveled edges) x counter sunk or approved adhesive per 08 71 00.Part 2 (no raised fasteners)",TR,622,,,Flat black,,100,"[77.0, 216.2, 529.9, 249.3]",
30,,False,,100,0.89,1,EA,Stop,1214 (installed per 08 71 00.Part 3),TR,622,,,Flat black,,100,"[77.0, 253.0, 529.9, 263.0]",
30,,False,,100,0.89,1,EA,Seals,5050B seals (head & jambs) by NGP or approved seal,,,,,,,100,"[77.0, 266.7, 473.7, 276.7]",
30,,False,,100,0.89,1,EA,Door Bottom,202NDKB by NGP or equal,,,,,,,100,"[77.0, 280.5, 354.2, 290.5]",
30,,False,,100,0.89,1,EA,Terrace Threshold,"#430 x RCE (wrap frame stops x beveled miter ends) by NGP approved equal: - To prevent water intrusion under threshold, provide a full bead of mastic. At RCE corners. Install slanted 2% away from building per above specifications (Contractor to prepare sill accordingly to achieve). - Provide NGP Shims: #BAR1 or #BAR2 or #BAR 4 as required so that the threshold does not bow under excessive pressure or weight (shims placed required).",,,,,,,100,"[77.0, 294.2, 526.2, 400.3]",catalog_number
31,,False,,101,0.89,,EA,Hinges,5BB1HW (size & quantity per 08 71 00),IV,622,,Ives,Flat black,,101,"[76.9, 89.5, 508.0, 99.4]",
31,,False,,101,0.89,1,EA,Fire Rated Rim Exit/Panic Device,"AX 99L-F x 996L-R/V (key override) x #Longitude Lever, delete -F if not rated",VO,622,,Von Duprin,Flat black,,101,"[76.9, 103.3, 512.9, 124.7]",
31,,False,,101,0.89,1,EA,I/C Cylinders (Rim or Mortise),20-057 or 20-061 x appropriate cam x blocking rings as required (rim or mortise type and quantity as required by locking device),SC,622,,Schlage,Flat black,,101,"[76.9, 128.5, 512.4, 161.5]",
31,,False,,101,0.89,1,EA,Permanent Core,20-030,SC,622,,Schlage,Flat black,,101,"[76.9, 165.2, 512.4, 175.1]",
31,,False,,101,0.89,1,EA,Surface Closer,4050A x REG (installed pull-side),LC,693,,,Black painted,,101,"[76.9, 179.0, 511.3, 188.9]",
31,,False,,101,0.89,1,EA,Kick Plate,"KO050 10” tall x 2"" LDW (less door width) x B4E (beveled edges) x counter sunk or approved adhesive per 08 71 00.Part 2 (no raised fasteners)",TR,630,,,Satin stainless steel,,101,"[76.9, 192.8, 511.9, 237.3]",
31,,False,,101,0.89,1,EA,Floor Stop,1214,TR,622,,,Flat black,,101,"[76.9, 241.0, 511.9, 251.0]",
31,,False,,101,0.89,1,EA,Seals,5050B seals (head & jambs) by NGP or approved seal,,,,,,,101,"[76.9, 254.7, 482.7, 264.7]",
31,,False,,101,0.89,1,EA,Door Bottom,202NDKB by NGP or equal,,,,,,,101,"[76.9, 268.5, 363.2, 278.5]",
31,,False,,101,0.89,1,EA,Terrace Threshold,"#430 x RCE (wrap frame stops x beveled miter ends) by NGP approved equal: - To prevent water intrusion under threshold, provide a full bead of mastic. At RCE corners. Install slanted 2% away from building per above specifications (Contractor to prepare sill accordingly to achieve). - Provide NGP Shims: #BAR1 or #BAR2 or #BAR 4 as required so that the threshold does not bow under excessive pressure or weight (shims placed required).",,,,,,,101,"[76.9, 282.2, 510.2, 388.3]",catalog_number
31,,False,,101,0.89,1,EA,REX Device (security/ alarm notification),Specified in above locking hardware (coordinate with Divisions 25-28 and applicable drawings).,,,,,,,101,"[76.9, 414.0, 475.4, 435.4]",
31,,False,,101,0.89,1,EA,Door Position Switches (also known as Alarm/Door Contacts),#679-05-WD or #679-05-HM (as required per door material) by Schlage manufacturing (see Divisions 26 and 28 and applicable drawings).,,,,,,,101,"[76.9, 439.3, 506.6, 472.3]",
31,,False,,101,0.89,1,EA,Power Supply,"Furnish and install #1) single gang power drop located above or near door (not in corridor or public view, but above celling line where possible); #2) provide power supply #PS902 by Schlage; #3) run conduit from hinge through frame and complete wiring as required to meet manufacturer warranties",,,,,,,101,"[76.9, 476.0, 512.0, 532.0]",
31,,False,,101,0.89,1,EA,Coordination task for security and/or electrical design and additional non-Division 08 Section scope (including but not limited to wire / connectivity from ground or ceiling through frame to electrified hardware),"By security or electrical as required per Contract Documents: The electrified hardware specified above can be utilized for #1) non-card reader, remote access control applications (unlocked / locked remotely for open during business hours / locked after-hours) and #2) local card readers at openings as directed by architectural drawings, security or electrical. Coordinate with security or electrical Divisions 25-28 and applicable drawings as hardware does not include card reader locations.",,,,,,,101,"[76.9, 535.8, 512.1, 641.7]",
32,,False,,"102, 103",0.9,,EA,Hinges,5BB1 (size & quantity per 08 71 00),IV,622,,Ives,Flat black,,102,"[76.9, 89.5, 508.0, 99.4]",
32,,False,,"102, 103",0.9,1,EA,Fire Rated Rim Exit/Panic Device with Lever,AX 99L-NL-F x 996L-NL-R/V (key override) x #Longitude Lever,VO,622,,Von Duprin,Flat black,,102,"[76.9, 103.3, 512.9, 136.3]",
32,,False,,"102, 103",0.9,1,EA,I/C Cylinders (Rim or Mortise),20-057 or 20-061 x appropriate cam x blocking rings as required (rim or mortise type and quantity as required by locking device),SC,622,,Schlage,Flat black,,102,"[76.9, 140.0, 512.4, 173.0]",
32,,False,,"102, 103",0.9,1,EA,Permanent Core,20-030,SC,622,,Schlage,Flat black,,102,"[76.9, 176.7, 512.4, 186.7]",
32,,False,,"102, 103",0.9,1,EA,Surface Closer,4050A x REG (installed pull-side),LC,693,,,Black painted,,102,"[76.9, 190.5, 511.3, 200.5]",
32,,False,,"102, 103",0.9,1,EA,Kick Plate,"KO050 10” tall x 2"" LDW (less door width) x B4E (beveled edges) x counter sunk or approved adhesive per 08 71 00.Part 2 (no raised fasteners)",TR,630,,,Satin stainless steel,,102,"[76.9, 204.2, 511.9, 248.7]",
32,,False,,"102, 103",0.9,1,EA,Floor Stop,1214,TR,622,,,Flat black,,102,"[76.9, 252.4, 511.9, 262.4]",
32,,False,,"102, 103",0.9,1,EA,Seal (4-sided frame),5050B seals or S88D seals approved seal manufacturer.,,,"(head, jambs and bottom door) by NGP or Pemko or",,,,102,"[76.9, 266.2, 369.4, 310.7]",
32,,False,,"102, 103",0.9,1,EA,Door Bottom,101VDKB by NGP or approved seal manufacturer,,,,,,,102,"[76.9, 400.0, 462.5, 410.0]",
32,,False,,"102, 103",0.9,1,EA,Alternate Aluminum Threshold - final to be selected,"427DKB flush condition or 659DKB offset as required per sill condition (7” flat or quarter inch offset sill, coordinate before submittals) x wrap frame stops x beveled miter ends x mastic x by NGP or equal",,,,,,,102,"[76.9, 413.7, 512.0, 458.2]",
32,,False,,"102, 103",0.9,1,EA,Overhead Rain Drip,Provide #17DKB x FFW (fill frame width) by NGP,,,,,,,102,"[76.9, 462.0, 459.3, 471.9]",
101,,False,,103,0.89,,EA,Hinges,5BB1HW (size & quantity per 08 71 00),IV,622,,Ives,Flat black,,103,"[76.9, 113.0, 508.0, 122.9]",
101,,False,,103,0.89,1,EA,Power Transfer Hinge,5BB1HW x 6-wire (size per 08 71 00),IV,622,,Ives,Flat black,,103,"[76.9, 126.8, 508.0, 136.7]",
101,,False,,103,0.89,1,EA,ANSI Grade 1 Mortise Body Electrified Lockset with Lever,BASE Lever #6210SM x PVD #IXBSB satin black finish x M507EU-RX x L/C in PVD #IXBSB satin black finish (picture example of lever is in a different finish),FR,,,,,,103,"[76.9, 140.5, 511.9, 219.5]",
101,,False,,103,0.89,1,EA,Cylinders (Rim or Mortise),20-057 or 20-061 x appropriate cam x blocking rings as required (rim or mortise type and quantity as required by locking device),SC,622,,Schlage,Flat black,,103,"[76.9, 225.2, 512.4, 258.3]",
101,,False,,103,0.89,1,EA,Permanent Core,20-030,SC,622,,Schlage,Flat black,,103,"[76.9, 262.0, 512.4, 272.0]",
101,,False,,103,0.89,1,EA,Surface Closer,4050A x REG (pull-side),LC,693,,,Black painted,,103,"[76.9, 275.7, 511.3, 285.7]",
101,,False,,103,0.89,1,EA,Floor Stop,7280 (installed per 08 71 00.Part 3),TR,622,,,Flat black,,103,"[76.9, 289.5, 511.9, 299.5]",
101,,False,,103,0.89,1,EA,Seals,5050B seals (head & jambs) by NGP or approved seal,,,,,,,103,"[76.9, 303.2, 482.7, 313.1]",
101,,False,,103,0.89,1,EA,Auto Door Bottom (sound dampening),423N for wood material doors (or submit 320N for metal doors) application as required per door material x DKB end caps by NGP or approved seal manufacturer,,,,,,,103,"[76.9, 317.0, 502.6, 350.0]",
101,,False,,103,0.89,1,EA,Threshold (sound dampening),"410DB (flat) by NGP or approved seal manufacturer (per specifications, provide full bed of mastic under all thresholds). Per above 087100.Part 2 requirements verify floor transition before ordering materials, final to be selected in submittals.",,,,,,,103,"[76.9, 353.7, 507.6, 409.7]",catalog_number
101,,False,,103,0.89,1,EA,REX Device (security/ alarm notification),Specified in above locking hardware (coordinate with Divisions 25-28 and applicable drawings).,,,,,,,103,"[76.9, 413.5, 475.4, 434.9]",
101,,False,,103,0.89,1,EA,Door Position Switches (also known as Alarm/Door Contacts),#679-05-WD or #679-05-HM (as required per door material) by Schlage manufacturing (see Divisions 26 and 28 and applicable drawings).,,,,,,,103,"[76.9, 438.7, 506.6, 471.8]",
101,,False,,103,0.89,1,EA,Power Supply,"Furnish and install #1) single gang power drop located above or near door (not in corridor or public view, but above celling line where possible); #2) provide power supply #PS902 by Schlage; #3) run conduit from hinge through frame and complete wiring as required to meet manufacturer warranties",,,,,,,103,"[76.9, 475.5, 512.0, 531.4]",
101,,False,,103,0.89,1,EA,Coordination task for security and/or electrical design and additional non-Division 08 Section scope (including but not limited to wire / connectivity from ground or ceiling through frame to electrified hardware),"By security or electrical as required per Contract Documents: The electrified hardware specified above can be utilized for #1) non-card reader, remote access control applications (unlocked / locked remotely for open during business hours / locked after-hours) and #2) local card readers at openings as directed by architectural drawings, security or electrical. Coordinate with security or electrical Divisions 25-28 and applicable drawings as hardware does not include card reader locations.",,,,,,,103,"[76.9, 535.3, 512.1, 641.2]",
101.1,,False,,104,0.89,,EA,Hinges,5BB1 (size & quantity per 08 71 00),IV,622,,Ives,Flat black,,104,"[76.9, 89.5, 508.0, 99.4]",
101.1,,False,,104,0.89,1,EA,Power Transfer Hinge,5BB1 x 6-wire (size per 08 71 00),IV,622,,Ives,Flat black,,104,"[76.9, 103.3, 508.0, 113.2]",
101.1,,False,,104,0.89,1,EA,ANSI Grade 1 Mortise Body Electrified Lockset with Lever,BASE Lever #6210SM x PVD #IXBSB satin black finish x M507EU-RX x L/C in PVD #IXBSB satin black finish (picture example of lever is in a different finish),FR,,,,,,104,"[76.9, 117.0, 511.9, 173.0]",
101.1,,False,,104,0.89,1,EA,Cylinders (Rim or Mortise),20-057 or 20-061 x appropriate cam x blocking rings as required (rim or mortise type and quantity as required by locking device),SC,622,,Schlage,Flat black,,104,"[76.9, 194.5, 512.4, 227.5]",
101.1,,False,,104,0.89,1,EA,Permanent Core,20-030,SC,622,,Schlage,Flat black,,104,"[76.9, 231.2, 512.4, 241.1]",
101.1,,False,,104,0.89,1,EA,Floor Stop,7280 (installed per 08 71 00.Part 3),TR,622,,,Flat black,,104,"[76.9, 245.0, 511.9, 254.9]",
101.1,,False,,104,0.89,1,EA,Seals,5050B seals (head & jambs) by NGP or approved seal,,,,,,,104,"[76.9, 258.8, 482.7, 268.7]",
101.1,,False,,104,0.89,1,EA,Auto Door Bottom (sound dampening),423N for wood material doors (or submit 320N for metal doors) application as required per door material x DKB end caps by NGP or approved seal manufacturer,,,,,,,104,"[76.9, 272.5, 502.6, 305.5]",
101.1,,False,,104,0.89,1,EA,Threshold (sound dampening),"410DB (flat) by NGP or approved seal manufacturer (per specifications, provide full bed of mastic under all thresholds). Per above 087100.Part 2 requirements verify floor transition before ordering materials, final to be selected in submittals.",,,,,,,104,"[76.9, 309.2, 507.6, 365.2]",catalog_number
101.1,,False,,104,0.89,1,EA,REX Device (security/ alarm notification),Specified in above locking hardware (coordinate with Divisions 25-28 and applicable drawings).,,,,,,,104,"[76.9, 369.0, 475.4, 390.5]",
101.1,,False,,104,0.89,1,EA,Door Position Switches (also known as Alarm/Door Contacts),#679-05-WD or #679-05-HM (as required per door material) by Schlage manufacturing (see Divisions 26 and 28 and applicable drawings).,,,,,,,104,"[76.9, 394.3, 506.6, 427.3]",
101.1,,False,,104,0.89,1,EA,Power Supply,"Furnish and install #1) single gang power drop located above or near door (not in corridor or public view, but above celling line where possible); #2) provide power supply #PS902 by Schlage; #3) run conduit from hinge through frame and complete wiring as required to meet manufacturer warranties",,,,,,,104,"[76.9, 431.0, 512.0, 487.0]",
101.1,,False,,104,0.89,1,EA,Coordination task for security and/or electrical design and additional non-Division 08 Section scope (including but not limited to wire / connectivity from ground or ceiling through frame to electrified hardware),"By security or electrical as required per Contract Documents: The electrified hardware specified above can be utilized for #1) non-card reader, remote access control applications (unlocked / locked remotely for open during business hours / locked after-hours) and #2) local card readers at openings as directed by architectural drawings, security or electrical. Coordinate with security or electrical Divisions 25-28 and applicable drawings as hardware does not include card reader locations.",,,,,,,104,"[76.9, 490.8, 512.1, 596.7]",
101.2,,False,,105,0.87,,EA,Hinges,5BB1HW (size & quantity per 08 71 00),IV,622,,Ives,Flat black,,105,"[76.9, 89.5, 508.0, 99.4]",
101.2,,False,,105,0.87,1,EA,Privacy Latch Body with Lever (privacy x occupancy indicator - exterior side lever left unlocked when room is vacant),"BASE Lever #6210SM x PVD #IXBSB satin black finish x M523 x ADA thumbturn H41 (manufacturer has two #s, but furnish/install the decorative thumbturn pictured to right) x EMTI emergency cointurn/slot override and occupancy indicator in 622 Matte Black Power Coat (picture example of Stefano lever only in different finish)",FR,,,,,,105,"[76.9, 103.3, 511.9, 216.8]",catalog_number
101.2,,False,,105,0.87,1,EA,Cylinders (Rim or Mortise),20-057 or 20-061 x appropriate cam x blocking rings as required (rim or mortise type and quantity as required by locking device),SC,622,,Schlage,Flat black,,105,"[76.9, 234.7, 512.4, 267.7]",
101.2,,False,,105,0.87,1,EA,Permanent Core,20-030,SC,622,,Schlage,Flat black,,105,"[76.9, 271.4, 512.4, 281.3]",
101.2,,False,,105,0.87,1,EA,Closer,4050A x REG (required special templated for back-to-back overhead stop installation),LC,689,,,Aluminum painted,,105,"[76.9, 285.2, 511.3, 306.7]",
101.2,,False,,105,0.87,1,EA,Overhead Stop,10 Series (size -336 or as required by door width) or ABH manufacturing equal with required special templated for back-to-back closer installation,RX,630,,,Satin stainless steel,,105,"[76.9, 310.4, 512.4, 343.5]",
101.2,,False,,105,0.87,1,EA,Seals,5050B seals (head & jambs) by NGP or approved seal,,,,,,,105,"[76.9, 347.2, 482.7, 357.2]",
101.2,,False,,105,0.87,1,EA,Auto Door Bottom (sound dampening),423N for wood material doors (or submit 320N for metal doors) application as required per door material x DKB end caps by NGP or approved seal manufacturer,,,,,,,105,"[76.9, 360.9, 502.6, 393.9]",
101.2,,False,,105,0.87,1,EA,Threshold (sound dampening),"410DB (flat) by NGP or approved seal manufacturer (per specifications, provide full bed of mastic under all thresholds). Per above 087100.Part 2 requirements verify floor transition before ordering materials, final to be selected in submittals.",,,,,,,105,"[76.9, 397.6, 507.6, 453.7]",catalog_number
101.3,,False,,105,0.88,,EA,Hinges,5BB1HW (size & quantity per 08 71 00),IV,622,,Ives,Flat black,,105,"[76.9, 524.1, 508.0, 534.1]",
101.3,,False,,105,0.88,1,EA,ANSI Grade 1 Mortise Body Passage Latchset x Lever,Frascio #BASE Lever #6210SM x PVD #IXBSB satin black finish x M501 x L/C in PVD #IXBSB satin black,FR,,,,,,105,"[76.9, 537.9, 511.9, 570.9]",mfr
101.3,,False,,105,0.88,1,EA,Surface Closer,4050A x REG (pull-side),LC,693,,,Black painted,,105,"[76.9, 574.6, 511.3, 584.6]",
101.3,,False,,105,0.88,1,EA,Floor Stop,7280 (installed per 08 71 00.Part 3),TR,622,,,Flat black,,105,"[76.9, 588.4, 511.9, 598.4]",
101.3,,False,,105,0.88,1,EA,Seals,5050B seals (head & jambs) by NGP or approved seal,,,,,,,105,"[76.9, 602.1, 482.7, 612.1]",
102,,False,,106,0.89,,EA,Hinge,5BB1HW (size & quantity per 08 71 00),IV,622,,Ives,Flat black,,106,"[77.0, 89.5, 526.0, 99.4]",
102,,False,,106,0.89,1,EA,Electrified Hinge,5BB1HW -8 wire (size per 08 71 00),IV,622,,Ives,Flat black,,106,"[77.0, 103.3, 526.0, 113.2]",
102,,False,,106,0.89,1,EA,Fire Rated Rim Exit/Panic x Electrified Fail-Safe Lever (passage without power),AX RX 99L-F x E996L FS (key override) x #Longitude Lever (Fail-safe -coordinate with FLS or fire/smoke alarm to drop power to exterior lever and make doors passage in both directions in case of power loss or building emergency).,VO,622,,Von Duprin,Flat black,,106,"[77.0, 117.0, 530.9, 173.0]",
102,,False,,106,0.89,1,EA,I/C Cylinders (Rim or Mortise),20-057 or 20-061 x appropriate cam x blocking rings as required (rim or mortise type and quantity as required),SC,622,,Schlage,Flat black,,106,"[77.0, 176.7, 530.4, 198.3]",
102,,False,,106,0.89,1,EA,Permanent Core,20-030,SC,622,,Schlage,Flat black,,106,"[77.0, 202.0, 530.4, 212.0]",
102,,False,,106,0.89,1,EA,Surface Closer,"4050A (whether or not marked throughout all headings, per specifications verify closers will be installed in non- corridor/non-public view sides of doors)",LC,693,,,Black painted,,106,"[77.0, 215.7, 529.3, 248.7]",
102,,False,,106,0.89,1,EA,Door Stop,1214,TR,622,,,Flat black,,106,"[77.0, 252.4, 529.9, 262.4]",
102,,False,,106,0.89,1,EA,Seals,5050B (head & jambs) by NGP,,,,,,,106,"[77.0, 266.2, 370.4, 276.2]",
102,,False,,106,0.89,1,EA,Auto Door Bottom,423N (or 320N application if required per door material) x caps by NGP or approved seal manufacturer,,DKB end,,,,,106,"[77.0, 280.0, 528.6, 301.5]","mfr, finish"
102,,False,,106,0.89,1,EA,Threshold,413 x mastic per specifications x by NGP approved equal,,,,,,,106,"[77.0, 305.2, 486.4, 315.2]",
102,,False,,106,0.89,1,EA,Door Position Switches (Alarm/Door Contacts),#679-05-WD or #679-05-HM (as required per door material) by Schlage (see Div. 26 and 28 and applicable drawings).,,,,,,,106,"[77.0, 319.0, 510.9, 340.5]",
102,,False,,106,0.89,1,EA,REX Device (security/ alarm notification),Sensor/Contact part of above locking device (coordinate with Divisions 26 and 28 and applicable drawings),,,,,,,106,"[77.0, 344.2, 502.0, 365.7]",
102,,False,,106,0.89,1,EA,Coordination task for security and/or electrical design and additional non-Division 08 Section scope (including but not limited to wire / connectivity from ceiling through frame to electrified hardware),"By security or electrical as required per Contract Documents: - The electrified hardware specified above can be utilized for #1) non-card reader, remote access control applications (unlocked / locked remotely for open during business hours / locked after- hours) and #2) local card readers at openings as directed by architectural drawings, security or electrical. Coordinate with security or electrical Divisions 25-28 and applicable drawings as hardware does not include card reader locations.",,,,,,,106,"[77.0, 369.4, 525.8, 482.9]",catalog_number
102,,False,,106,0.89,1,EA,Power Supply,"Furnish and install #1) single gang power drop located above or near door (not in corridor or public view, but above celling line where possible); #2) provide power supply # PS902 x 900FA fire alarm drop input; #3) run conduit from hinge through frame and complete wiring as required to meet manufacturer warranties",,,,,,,106,"[77.0, 486.7, 518.0, 542.7]",
102,,False,,106,0.89,1,EA,FLS (Fire/Life Safety) Connectivity Task,"Throughout project, whether or not specified, Contractor to provide the following non-08 71 00 task: At fire & smoke rated opening, in event of fire/smoke: electrified fail-safe levers to become non- electrified (drop power to lever and make doors passage in both directions in case of power loss or building emergency).",,,,,,,106,"[77.0, 569.7, 527.5, 625.7]",
102.1,,False,,107,0.9,,EA,Hinge,5BB1HW (size & quantity per 08 71 00),IV,622,,Ives,Flat black,,107,"[77.0, 89.5, 526.0, 99.4]",
102.1,,False,,107,0.9,1,EA,Electrified Hinge,5BB1HW -8 wire (size per 08 71 00),IV,622,,Ives,Flat black,,107,"[77.0, 103.3, 526.0, 113.2]",
102.1,,False,,107,0.9,1,EA,Fire Rated Rim Exit/Panic x Electrified Fail-Safe Lever (passage without power),AX RX 99L-F x E996L FS (key override) x #Longitude Lever (Fail-safe -coordinate with FLS or fire/smoke alarm to drop power to exterior lever and make doors passage in both directions in case of power loss or building emergency).,VO,622,,Von Duprin,Flat black,,107,"[77.0, 117.0, 530.9, 173.0]",
102.1,,False,,107,0.9,1,EA,I/C Cylinders (Rim or Mortise),20-057 or 20-061 x appropriate cam x blocking rings as required (rim or mortise type and quantity as required),SC,622,,Schlage,Flat black,,107,"[77.0, 176.7, 530.4, 198.3]",
102.1,,False,,107,0.9,1,EA,Permanent Core,20-030,SC,622,,Schlage,Flat black,,107,"[77.0, 202.0, 530.4, 212.0]",
102.1,,False,,107,0.9,1,EA,Surface Closer,"4050A (whether or not marked throughout all headings, per specifications verify closers will be installed in non- corridor/non-public view sides of doors)",LC,693,,,Black painted,,107,"[77.0, 215.7, 529.3, 248.7]",
102.1,,False,,107,0.9,1,EA,Door Stop,1214,TR,622,,,Flat black,,107,"[77.0, 252.4, 529.9, 262.4]",
102.1,,False,,107,0.9,1,EA,Seals,5050B (head & jambs) by NGP,,,,,,,107,"[77.0, 266.2, 365.9, 276.2]",
102.1,,False,,107,0.9,1,EA,Auto Door Bottom,423N (or 320N application if required per door material) x DKB end caps by NGP or approved seal manufacturer,,,,,,,107,"[77.0, 280.0, 524.2, 301.5]",
102.1,,False,,107,0.9,1,EA,Threshold,413 x mastic per specifications x by NGP approved equal,,,,,,,107,"[77.0, 305.2, 482.0, 315.2]",
102.1,,False,,107,0.9,1,EA,Door Position Switches,#679-05-WD or #679-05-HM (as required per door material) by Schlage (see Div. 26 and 28 and applicable drawings).,,,,,,,107,"[77.0, 319.0, 506.5, 340.5]",
102.1,,False,,107,0.9,1,EA,REX,Part of locking (coordinate with Div 26+28 and applicable drawings),,,,,,,107,"[77.0, 344.2, 526.6, 354.2]",
102.1,,False,,107,0.9,1,EA,Power Supply,"Furnish and install #1) single gang power drop located above or near door (not in corridor or public view, but above celling line where possible); #2) provide power supply # PS902 x 900FA fire alarm drop input; #3) run conduit from hinge through frame and complete wiring as required to meet manufacturer warranties",,,,,,,107,"[77.0, 358.0, 530.9, 413.9]",
102.1,,False,,107,0.9,1,EA,FLS (Fire/Life Safety) Connectivity Task,"Throughout project, whether or not specified, Contractor to provide the following non-08 71 00 task: At fire & smoke rated opening, in event of fire/smoke: electrified fail-safe levers to become non- electrified (drop power to lever and make doors passage in both directions in case of power loss or building emergency).",,,,,,,107,"[77.0, 417.7, 523.1, 473.7]",
102.1,,False,,107,0.9,1,EA,Coordination task for security and/or electrical design and additional non- Division 08 Section scope (including but not limited to wire / connectivity from ceiling through frame to electrified hardware),"By security or electrical as required per Contract Documents: The electrified hardware specified above can be utilized for #1) non-card reader, remote access control applications (unlocked / locked remotely for open during business hours / locked after- hours) and #2) local card readers at openings as directed by architectural drawings, security or electrical. Coordinate with security or electrical Divisions 25-28 and applicable drawings as hardware does not include card reader locations.",,,,,,,107,"[77.0, 477.4, 530.0, 568.0]",catalog_number
105,,False,,108,0.87,1,EA,Continuous Hinge Electrified Wire Transfer,"Select manufacturing SL11-HD device (120 inch or length as required for door height) x black anodized x #ATW accessible through wire transfer. Different door thicknesses and frame dimensions will affect hinge type. Per specifications whether or not marked throughout all, verify for proper hinge type before submittals. Do not submit hinges until verified for correct hinge application per opening (means and methods with Select factory). For all other pre-approved aluminum hinge manufacturer this hinge must be pre- templated at the factory to use the Securitron or equal power transfer below.",SE,BL,,,Black,,108,"[77.0, 89.7, 536.0, 237.8]",catalog_number
105,,False,,108,0.87,1,EA,Alternate Power Transfer,Securitron manufacturing #CEPT-10B,SN,613,,,Oil-rubbed bronze,,108,"[77.0, 241.8, 536.5, 251.7]",
105,,False,,108,0.87,1,EA,Rim Exit/Panic Device x Key Override,QELX RX 33A-OP x 388. Note: AX is only available in some exit devices.,VO,622,,Von Duprin,Flat black,,108,"[77.0, 255.4, 537.1, 277.0]",
105,,False,,108,0.87,1,EA,Offset Pull,AP423-J-72” x 622 finish. Do not block emergency key override,TR,622,,,Flat black,,108,"[77.0, 280.8, 536.0, 302.2]",catalog_number
105,,False,,108,0.87,1,EA,I/C Cylinders (Rim or Mortise),20-057 or 20-061 (Rim or Mortise type & quantity as required by locking device x appropriate cam x blocking rings) as required per specifications,SC,622,,Schlage,Flat black,,108,"[77.0, 306.0, 536.5, 338.9]",
105,,False,,108,0.87,1,EA,Permanent Core,23-030,SC,622,,Schlage,Flat black,,108,"[77.0, 342.7, 536.5, 352.6]",
105,,False,,108,0.87,1,EA,Surface Closer,4050A parallel arm (installed push-side),LC,693,,,Black painted,,108,"[77.0, 356.5, 535.4, 366.4]",
105,,False,,108,0.87,1,EA,Stop,7281 (installed per 08 71 00.Part 3),TR,622,,,Flat black,,108,"[77.0, 370.3, 536.0, 380.2]",
105,,False,,108,0.87,1,EA,Door Position Switches,#679-05-HM by Schlage (coordinate with security or electrical Divisions 26 and 28 and applicable Drawings),,,,,,,108,"[77.0, 384.0, 529.2, 405.4]",
105,,False,,108,0.87,1,EA,QEL Power Supply,"Furnish and install #1) single gang power drop located above or near door (not in corridor or public view, but above celling line where possible); #2) provide power supply #PS904 4 RL with 900-BB (battery backup for additional auto operator opening cycles when there is power loss); #3) run conduit from hinge through frame and complete wiring as required to meet manufacturer warranties",,,,,,,108,"[77.0, 409.3, 537.3, 488.2]",
105,,False,,108,0.87,1,EA,Coordination task for security and/or electrical design and additional non- Division 08 Section scope (including but not limited to wire / connectivity from ground or ceiling through frame to electrified hardware),"By security or electrical as required per Contract Documents: - The electrified hardware specified above can be utilized for #1) non-card reader, remote access control applications (unlocked / locked remotely for open during business hours / locked after-hours) and #2) local card readers at openings as directed by architectural drawings, security or electrical. - Coordinate with security or electrical Divisions 26 and 28 and applicable Drawings as hardware does not include card reader locations. Power supply for project 24VDC locks and electric strikes by Security",,,,,,,108,"[77.0, 492.0, 532.2, 623.0]",
106,verify wide stile for 5” wide lockset,False,,109,0.86,1,EA,Continuous Hinge Electrified Wire Transfer,"Select manufacturing SL11-HD device (120 inch or length as required for door height) x black anodized x #ATW accessible through wire transfer. Different door thicknesses and frame dimensions will affect hinge type. Per specifications whether or not marked throughout all, verify for proper hinge type before submittals. Do not submit hinges until verified for correct hinge application per opening (means and methods with Select factory). For all other pre- approved aluminum hinge manufacturer this hinge must be pre-templated at the factory to use the Securitron or equal power transfer below.",SE,BL,,,Black,,109,"[77.0, 89.7, 536.0, 237.8]",catalog_number
106,verify wide stile for 5” wide lockset,False,,109,0.86,1,EA,Alt. Power Transfer,Securitron manufacturing #CEPT-10B,SN,613,,,Oil-rubbed bronze,,109,"[77.0, 241.8, 536.5, 251.7]",
106,verify wide stile for 5” wide lockset,False,,109,0.86,1,EA,ANSI Grade 1 Mortise Body Electrified Lockset with Lever,BASE Lever #6210SM x PVD #IXBSB satin black finish x M507EU-RX x L/C in PVD #IXBSB satin black finish (picture example of lever is in a different finish),FR,,,,,,109,"[77.0, 255.4, 536.0, 323.0]",
106,verify wide stile for 5” wide lockset,False,,109,0.86,1,EA,I/C Cylinders (Rim or Mortise),20-057 or 20-061 (Rim or Mortise type & quantity as required by locking device x appropriate cam x blocking rings) as required per specifications,SC,622,,Schlage,Flat black,,109,"[77.0, 340.9, 536.5, 374.0]",
106,verify wide stile for 5” wide lockset,False,,109,0.86,1,EA,Permanent Core,23-030,SC,622,,Schlage,Flat black,,109,"[77.0, 377.7, 536.5, 387.7]",
106,verify wide stile for 5” wide lockset,False,,109,0.86,1,EA,Surface Closer,4050A REG (installed pull-side),LC,693,,,Black painted,,109,"[77.0, 391.4, 535.4, 401.3]",
106,verify wide stile for 5” wide lockset,False,,109,0.86,1,EA,Stop,7281 (installed per 08 71 00.Part 3),TR,622,,,Flat black,,109,"[77.0, 405.2, 536.0, 415.1]",
106,verify wide stile for 5” wide lockset,False,,109,0.86,1,EA,Seal,"Seals are to be furnished by door/frame manufacturer (head, jambs)",,,,,,,109,"[77.0, 418.9, 514.9, 440.5]",
106,verify wide stile for 5” wide lockset,False,,109,0.86,1,EA,Door Position Switches,"#679-05-HM by Schlage, coordinate door & frame preparation/templates (see Div 26-28 and applicable drawings).",,,,,,,109,"[77.0, 444.2, 527.4, 465.7]",
106,verify wide stile for 5” wide lockset,False,,109,0.86,1,EA,Power Supply,"Furnish and install #1) single gang power drop located above or near door (not in corridor or public view, but above celling line where possible); #2) provide power supply #PS902 by Schlage; #3) run conduit from hinge through frame and complete wiring as required to meet manufacturer warranties",,,,,,,109,"[77.0, 469.4, 533.2, 525.4]",
106,verify wide stile for 5” wide lockset,False,,109,0.86,1,EA,Coordination task for security and/or electrical design and additional non- Division 08 Section scope (including but not limited to wire / connectivity from ground or ceiling through frame to electrified hardware),"By security or electrical as required per Contract Documents: The electrified hardware specified above can be utilized for #1) non- card reader, remote access control applications (unlocked / locked remotely for open during business hours / locked after- hours) and #2) local card readers at openings as directed by architectural drawings, security or electrical. Coordinate with security or electrical Divisions 26 and 28 and applicable Drawings as hardware does not include card reader locations. Power supply for project 24VDC locks and electric strikes by Security",,,,,,,109,"[77.0, 529.2, 536.6, 631.1]",catalog_number
107,,False,,110,0.87,1,EA,Center Hung In-Floor Closer Device,"FHC F900 series single acting non-hold open center hung (door to open smoothly past 90- degress to meet code - with no backcheck until after 90-degrees): - Provide complete package to meet warranty for door size, weight and adjustment per specifications. System includes, but is not limited to cement case, floor closer, top pivot set, and installation tools per specifications. - Contact Frameless Hardware Company (FHC): Patrick Comerford CSI CDT CCPR, Architectural / Pre-Bid Services; Cell #805-402- 2167. - No Dorma or Rixson floor closers allowed.",FH C,622,,,Flat black,,110,"[75.6, 89.5, 525.3, 254.9]","catalog_number, mfr"
107,,False,,110,0.87,1,EA,Top Pivot Set,Dorma or equal top pivot #HD8062,DO,622,,,Flat black,,110,"[75.6, 355.4, 527.0, 365.3]",
107,,False,,110,0.87,1,EA,"L-Shaped, Top Latching Panic Device",Basis of design: FHC HP100 “D” Shape Panic Exit Handle x F Style (Exterior Full Height Keyed Pull),FH,622,,,Flat black,,110,"[75.6, 369.2, 525.3, 390.7]",
107,,False,,110,0.87,1,EA,Strike,FHC HP1,FH,622,,,Flat black,,110,"[75.6, 394.4, 525.3, 404.3]",
107,,False,,110,0.87,1,EA,Cylinders (Rim or Mortise),20-057 or 20-061 x appropriate cam x blocking rings as required (rim or mortise type and quantity as required by locking device),SC,622,,Schlage,Flat black,,110,"[75.6, 408.2, 525.8, 441.2]",
107,,False,,110,0.87,1,EA,Permanent Core,20-030,SC,622,,Schlage,Flat black,,110,"[75.6, 444.9, 525.8, 454.9]",
107,,False,,110,0.87,1,EA,Concealed Overhead Stop,1ADJ (size -336 or as required by door width),RX,622,,,Flat black,,110,"[75.6, 458.6, 525.9, 468.5]",
108,,False,,111,0.87,,EA,Hinge,5BB1HW (size & quantity per 08 71 00),IV,622,,Ives,Flat black,,111,"[77.0, 89.5, 526.0, 99.4]",
108,,False,,111,0.87,1,EA,ANSI Grade 1 Mortise Body Passage-Type Latchset with Lever,BASE Lever #6210SM x PVD #IXBSB satin black finish x M501 x L/C in PVD #IXBSB satin black finish (picture example of lever is in a different finish),FR,,,,,,111,"[77.0, 103.3, 529.9, 159.3]",mfr
108,,False,,111,0.87,1,EA,Surface Closer,4050A x REG (installed pull-side),LC,693,,,Black painted,,111,"[77.0, 177.6, 529.3, 187.5]",
108,,False,,111,0.87,1,EA,Door Stop,1214,TR,622,,,Flat black,,111,"[77.0, 191.2, 529.9, 201.2]",
108,,False,,111,0.87,1,EA,Seals,5050B (head & jambs) by NGP,,,,,,,111,"[77.0, 205.0, 370.4, 215.0]",
108,,False,,111,0.87,1,EA,Door Bottom (rodent control),"202NDKB by NGP or approved manufacturer. Note: Install sweep on interior of room (never in public view). Install threshold and sweep so that when door is closed, sweep sit tightly against threshold",,,,,,,111,"[77.0, 218.7, 525.8, 263.2]",catalog_number
108,,False,,111,0.87,1,EA,Threshold,513HD-DKB x mastic x by NGP (meet ANSI 156.21 per below),,,,,,,111,"[77.0, 267.0, 510.2, 276.9]",
109,,False,,112,0.9,,EA,Hinge,5BB1 (size & quantity per 08 71 00),IV,622,,Ives,Flat black,,112,"[76.9, 89.7, 525.8, 99.7]",
109,,False,,112,0.9,1,EA,ANSI Grade 1 Mortise Body Storeroom-Type Lockset with Lever,BASE Lever #6210SM x PVD #IXBSB satin black finish x M507 x L/C in PVD #IXBSB satin black finish (picture example of lever is in a different finish),FR,,,,,,112,"[76.9, 103.8, 529.7, 171.3]",
109,,False,,112,0.9,1,EA,I/C Cylinders (Rim or Mortise),20-057 or 20-061 (Rim or Mortise type & quantity as required by locking device x appropriate cam x blocking rings) as required per specifications,SC,622,,Schlage,Flat black,,112,"[76.9, 175.0, 530.1, 208.0]",
109,,False,,112,0.9,1,EA,Permanent Core,23-030,SC,622,,Schlage,Flat black,,112,"[76.9, 211.8, 530.1, 221.7]",
109,,False,,112,0.9,1,EA,Closer x Stop Arm,4050A (installed push-side at 180-degrees),LC,693,,,Black painted,,112,"[76.9, 225.4, 529.1, 235.4]",
109,,False,,112,0.9,1,EA,Seals,5050B seals (head & jambs) by NGP or approved seal,,,,,,,112,"[76.9, 239.2, 497.6, 249.2]",
109,,False,,112,0.9,1,EA,Auto Door Bottom (sound dampening),423N for wood material doors (or submit 320N for metal doors) application as required per door material x DKB end caps by NGP or approved seal manufacturer,,,,,,,112,"[76.9, 253.0, 517.4, 286.0]",
109,,False,,112,0.9,1,EA,Threshold (sound dampening),"410DB (flat) by NGP or approved seal manufacturer (per specifications, provide full bed of mastic under all thresholds). Per above 087100.Part 2 requirements verify floor transition before ordering materials, final to be selected in submittals.",,,,,,,112,"[76.9, 289.8, 529.3, 334.3]",
110,,False,,112,0.89,,EA,Hinges,5BB1HW (size & quantity per 08 71 00),IV,622,,Ives,Flat black,,112,"[76.9, 416.2, 505.0, 426.2]",
110,,False,,112,0.89,1,EA,Privacy Latch Body with Lever (privacy x occupancy indicator - exterior side lever left unlocked when room is vacant),"BASE Lever #6210SM x PVD #IXBSB satin black finish x M523 x ADA thumbturn H41 (manufacturer has two #s, but furnish/install the decorative thumbturn pictured to right) x EMTI emergency cointurn/slot override and occupancy indicator in 622 Matte Black Power Coat (picture example of Stefano lever only in different finish)",FR,,,,,,112,"[76.9, 429.9, 508.9, 543.4]",
110,,False,,112,0.89,1,EA,I/C Cylinders (Rim or Mortise),20-057 or 20-061 (Rim or Mortise type & quantity as required by locking device x appropriate cam x blocking rings) as required per specifications,SC,622,,Schlage,Flat black,,112,"[76.9, 547.2, 509.4, 591.7]",
110,,False,,112,0.89,1,EA,Permanent Core,23-030,SC,622,,Schlage,Flat black,,112,"[76.9, 595.4, 509.4, 605.3]",
110,,False,,112,0.89,1,EA,Surface Closer,4050A x REG (installed pull-side),LC,693,,,Black painted,,112,"[76.9, 609.2, 508.3, 619.1]",
110,,False,,112,0.89,1,EA,Wall Stop,1270CV,TR,622,,,Flat black,,112,"[76.9, 622.9, 508.9, 632.8]",
110,,False,,112,0.89,1,EA,Seals,"If frame is wood or hollow metal, 5050B seals (head & jambs) by NGP. If frame is aluminum, then seals are to be furnished by aluminum frame manufacturer",,,,,,,112,"[76.9, 636.7, 502.7, 669.7]",catalog_number
111,,False,,113,0.88,3,EA,Invisible Hinges x RAL 9005 Matte Deep Black (107),"EZ Jamb concealed hinge x UL fire rating type on smoke or fire rated openings (refer to related details and specifications) - TE 527 3D or size as required for EZ Jamb concealed applications. - Tectus applications require factory technical support for each application. Before door, frame or hardware submittals Contractor/Div. 08 Vendor to contact Simonswerk/Tectus factory technical representative to have Tectus factory detail/engineer proper sized hinges, fire rating swing and for doors with cladding add in the #A8 part # in submittals (provide full pricing for added Tectus part #/nomenclature #A8 as the A8 is required to meet both cladding and 180-degree swing applications). Per this contractual wording, this is means and methods and not designer work, bid hours to verify and submit correct nomenclature for each project door application).",SI,630,,,Satin stainless steel,,113,"[77.0, 158.0, 508.0, 379.0]",catalog_number
111,,False,,113,0.88,1,EA,ANSI Grade 1 Mortise Body Storeroom-Type Lockset with Lever,BASE Lever #6210SM x M507 x L/C in PVD #IXBSB satin black finish (picture example of lever is in a different finish),FR,,,,,,113,"[77.0, 382.8, 511.9, 427.3]",
111,,False,,113,0.88,1,EA,Cylinders (Rim or Mortise),20-057 or 20-061 x appropriate cam x blocking rings as required (rim or mortise type and quantity as required by device),SC,622,,Schlage,Flat black,,113,"[77.0, 441.6, 512.4, 474.5]",
111,,False,,113,0.88,1,EA,Permanent Core,20-030,SC,622,,Schlage,Flat black,,113,"[77.0, 478.3, 512.4, 488.2]",
111,,False,,113,0.88,1,EA,Closer x Stop Arm,4050A x CUSH,LC,693,,,Black painted,,113,"[77.0, 503.5, 511.3, 513.4]",
111,,False,,113,0.88,1,EA,Seal,5050B (head and jambs) by NGP or approved equal.,,,,,,,113,"[77.0, 517.3, 462.0, 527.2]",
